nSimulations;Delta_MC;Delta_BS;Relative_Error
1000;0.401088;0.636831;0.370182
2000;0.611117;0.636831;0.040377
3000;0.390624;0.636831;0.386612
4000;0.655823;0.636831;0.0298229
5000;0.800836;0.636831;0.257534
6000;0.746848;0.636831;0.172758
7000;0.708541;0.636831;0.112605
8000;0.635467;0.636831;0.00214106
9000;0.496956;0.636831;0.219642
10000;0.786057;0.636831;0.234327
11000;0.531338;0.636831;0.165653
12000;0.617436;0.636831;0.0304544
13000;0.446252;0.636831;0.299261
14000;0.56476;0.636831;0.113171
15000;0.604604;0.636831;0.0506052
16000;0.557488;0.636831;0.12459
17000;0.599578;0.636831;0.0584965
18000;0.616069;0.636831;0.0326021
19000;0.667987;0.636831;0.0489248
20000;0.612394;0.636831;0.038372
21000;0.633671;0.636831;0.00496153
22000;0.64379;0.636831;0.0109279
23000;0.629617;0.636831;0.011328
24000;0.56729;0.636831;0.109198
25000;0.579156;0.636831;0.0905659
26000;0.623642;0.636831;0.0207093
27000;0.604304;0.636831;0.0510754
28000;0.638742;0.636831;0.00300158
29000;0.580554;0.636831;0.0883692
30000;0.643029;0.636831;0.00973234
31000;0.476742;0.636831;0.251383
32000;0.555581;0.636831;0.127584
33000;0.561887;0.636831;0.117683
34000;0.631667;0.636831;0.00810893
35000;0.645883;0.636831;0.0142153
36000;0.717712;0.636831;0.127006
37000;0.650985;0.636831;0.022227
38000;0.718343;0.636831;0.127997
39000;0.701154;0.636831;0.101006
40000;0.592264;0.636831;0.0699815
41000;0.68638;0.636831;0.0778057
42000;0.608215;0.636831;0.0449343
43000;0.609035;0.636831;0.0436463
44000;0.757981;0.636831;0.190239
45000;0.672582;0.636831;0.056139
46000;0.58615;0.636831;0.0795824
47000;0.607483;0.636831;0.0460833
48000;0.635886;0.636831;0.00148282
49000;0.603899;0.636831;0.0517117
50000;0.606003;0.636831;0.0484077
51000;0.662766;0.636831;0.0407254
52000;0.667944;0.636831;0.0488568
53000;0.62876;0.636831;0.0126737
54000;0.685327;0.636831;0.0761529
55000;0.654624;0.636831;0.0279406
56000;0.624412;0.636831;0.0195002
57000;0.613572;0.636831;0.0365223
58000;0.624698;0.636831;0.0190509
59000;0.596604;0.636831;0.0631663
60000;0.660072;0.636831;0.036495
61000;0.712631;0.636831;0.119028
62000;0.679977;0.636831;0.0677521
63000;0.642154;0.636831;0.00835855
64000;0.606366;0.636831;0.0478379
65000;0.634206;0.636831;0.00412099
66000;0.673815;0.636831;0.0580761
67000;0.696881;0.636831;0.0942957
68000;0.646414;0.636831;0.0150486
69000;0.686619;0.636831;0.0781821
70000;0.665174;0.636831;0.0445064
71000;0.69467;0.636831;0.0908235
72000;0.606775;0.636831;0.047196
73000;0.660678;0.636831;0.0374467
74000;0.590085;0.636831;0.0734041
75000;0.690243;0.636831;0.0838728
76000;0.650463;0.636831;0.021406
77000;0.614395;0.636831;0.0352302
78000;0.652436;0.636831;0.0245055
79000;0.680329;0.636831;0.0683045
80000;0.60216;0.636831;0.0544417
81000;0.615557;0.636831;0.0334055
82000;0.615725;0.636831;0.0331412
83000;0.652068;0.636831;0.0239275
84000;0.583801;0.636831;0.0832705
85000;0.597025;0.636831;0.0625066
86000;0.61422;0.636831;0.0355044
87000;0.642738;0.636831;0.00927555
88000;0.639325;0.636831;0.00391656
89000;0.62881;0.636831;0.0125951
90000;0.660632;0.636831;0.0373742
91000;0.69862;0.636831;0.0970261
92000;0.685074;0.636831;0.0757556
93000;0.73098;0.636831;0.147841
94000;0.575487;0.636831;0.096326
95000;0.718335;0.636831;0.127984
96000;0.636858;0.636831;4.30724e-05
97000;0.648638;0.636831;0.0185406
98000;0.647483;0.636831;0.0167277
99000;0.564166;0.636831;0.114104
100000;0.628633;0.636831;0.0128733
101000;0.625491;0.636831;0.0178062
102000;0.613579;0.636831;0.036512
103000;0.632353;0.636831;0.00703157
104000;0.636043;0.636831;0.00123669
105000;0.589703;0.636831;0.0740033
106000;0.624986;0.636831;0.0185989
107000;0.629203;0.636831;0.0119783
108000;0.637512;0.636831;0.00106995
109000;0.63112;0.636831;0.0089666
110000;0.628318;0.636831;0.0133674
111000;0.603347;0.636831;0.0525787
112000;0.604912;0.636831;0.0501206
113000;0.624921;0.636831;0.0187022
114000;0.680274;0.636831;0.068218
115000;0.641748;0.636831;0.00772203
116000;0.669797;0.636831;0.0517665
117000;0.593499;0.636831;0.0680426
118000;0.661665;0.636831;0.0389967
119000;0.660591;0.636831;0.03731
120000;0.714977;0.636831;0.122711
121000;0.673619;0.636831;0.057768
122000;0.650497;0.636831;0.0214594
123000;0.615392;0.636831;0.0336642
124000;0.595927;0.636831;0.06423
125000;0.637261;0.636831;0.000676218
126000;0.621232;0.636831;0.0244939
127000;0.589803;0.636831;0.0738459
128000;0.681912;0.636831;0.0707904
129000;0.645089;0.636831;0.0129686
130000;0.677433;0.636831;0.0637567
131000;0.602719;0.636831;0.0535646
132000;0.682382;0.636831;0.0715275
133000;0.634743;0.636831;0.00327799
134000;0.623574;0.636831;0.0208168
135000;0.686758;0.636831;0.078399
136000;0.607968;0.636831;0.0453231
137000;0.626799;0.636831;0.0157523
138000;0.649632;0.636831;0.0201024
139000;0.643387;0.636831;0.010296
140000;0.662339;0.636831;0.0400552
141000;0.652641;0.636831;0.0248263
142000;0.652148;0.636831;0.0240524
143000;0.643781;0.636831;0.0109135
144000;0.626679;0.636831;0.0159403
145000;0.625045;0.636831;0.0185074
146000;0.616546;0.636831;0.0318524
147000;0.611542;0.636831;0.0397096
148000;0.622324;0.636831;0.0227797
149000;0.640797;0.636831;0.0062281
150000;0.649635;0.636831;0.0201068
151000;0.656026;0.636831;0.030142
152000;0.636921;0.636831;0.00014164
153000;0.602065;0.636831;0.0545911
154000;0.671024;0.636831;0.0536933
155000;0.632131;0.636831;0.00738026
156000;0.668023;0.636831;0.0489807
157000;0.628198;0.636831;0.013555
158000;0.619211;0.636831;0.0276675
159000;0.601525;0.636831;0.0554404
160000;0.588811;0.636831;0.0754047
161000;0.638607;0.636831;0.00278946
162000;0.632362;0.636831;0.00701689
163000;0.611974;0.636831;0.0390325
164000;0.641658;0.636831;0.00758018
165000;0.623106;0.636831;0.0215521
166000;0.624426;0.636831;0.0194785
167000;0.634444;0.636831;0.00374733
168000;0.651209;0.636831;0.0225776
169000;0.65523;0.636831;0.0288927
170000;0.667337;0.636831;0.0479041
171000;0.618478;0.636831;0.0288186
172000;0.636765;0.636831;0.000103497
173000;0.638341;0.636831;0.0023713
174000;0.603538;0.636831;0.0522792
175000;0.683779;0.636831;0.0737219
176000;0.652054;0.636831;0.0239052
177000;0.590488;0.636831;0.0727715
178000;0.654491;0.636831;0.0277322
179000;0.617677;0.636831;0.030076
180000;0.629037;0.636831;0.0122375
181000;0.6708;0.636831;0.0533411
182000;0.634836;0.636831;0.00313289
183000;0.649148;0.636831;0.0193415
184000;0.622398;0.636831;0.0226638
185000;0.623716;0.636831;0.020593
186000;0.673601;0.636831;0.05774
187000;0.659396;0.636831;0.0354337
188000;0.654137;0.636831;0.0271758
189000;0.658856;0.636831;0.034586
190000;0.623357;0.636831;0.0211567
191000;0.604952;0.636831;0.0500575
192000;0.601145;0.636831;0.0560357
193000;0.617571;0.636831;0.0302425
194000;0.61401;0.636831;0.0358353
195000;0.651365;0.636831;0.0228229
196000;0.635619;0.636831;0.00190211
197000;0.666698;0.636831;0.0469006
198000;0.663069;0.636831;0.0412013
199000;0.609123;0.636831;0.0435082
200000;0.621798;0.636831;0.0236057
201000;0.638884;0.636831;0.00322415
202000;0.645378;0.636831;0.0134221
203000;0.657679;0.636831;0.0327376
204000;0.603217;0.636831;0.0527828
205000;0.674019;0.636831;0.0583966
206000;0.592817;0.636831;0.0691129
207000;0.660549;0.636831;0.0372444
208000;0.621553;0.636831;0.0239907
209000;0.612229;0.636831;0.0386315
210000;0.605689;0.636831;0.0489016
211000;0.608431;0.636831;0.0445949
212000;0.652646;0.636831;0.024834
213000;0.670107;0.636831;0.0522538
214000;0.595504;0.636831;0.0648943
215000;0.598638;0.636831;0.0599736
216000;0.636529;0.636831;0.000472998
217000;0.62394;0.636831;0.0202415
218000;0.669275;0.636831;0.0509463
219000;0.617109;0.636831;0.0309689
220000;0.63169;0.636831;0.00807178
221000;0.640836;0.636831;0.00628872
222000;0.641392;0.636831;0.00716245
223000;0.607808;0.636831;0.0455735
224000;0.622924;0.636831;0.021837
225000;0.683276;0.636831;0.0729323
226000;0.632507;0.636831;0.00678871
227000;0.663208;0.636831;0.0414196
228000;0.631117;0.636831;0.00897228
229000;0.62956;0.636831;0.0114171
230000;0.624976;0.636831;0.0186154
231000;0.635379;0.636831;0.00227999
232000;0.592999;0.636831;0.0688274
233000;0.662021;0.636831;0.0395561
234000;0.6406;0.636831;0.00591934
235000;0.649096;0.636831;0.0192605
236000;0.645128;0.636831;0.0130285
237000;0.644578;0.636831;0.0121654
238000;0.609846;0.636831;0.0423741
239000;0.631995;0.636831;0.00759255
240000;0.627013;0.636831;0.0154157
241000;0.646406;0.636831;0.0150354
242000;0.642081;0.636831;0.00824432
243000;0.632747;0.636831;0.0064122
244000;0.656111;0.636831;0.0302757
245000;0.621636;0.636831;0.0238605
246000;0.597705;0.636831;0.0614387
247000;0.636999;0.636831;0.000263634
248000;0.635743;0.636831;0.00170811
249000;0.65102;0.636831;0.0222806
250000;0.634516;0.636831;0.00363508
251000;0.648806;0.636831;0.0188042
252000;0.630972;0.636831;0.00919969
253000;0.60258;0.636831;0.0537829
254000;0.66401;0.636831;0.0426791
255000;0.642869;0.636831;0.00948149
256000;0.633763;0.636831;0.00481718
257000;0.594112;0.636831;0.0670808
258000;0.61752;0.636831;0.0303227
259000;0.665602;0.636831;0.0451782
260000;0.62246;0.636831;0.0225657
261000;0.623696;0.636831;0.0206245
262000;0.664422;0.636831;0.0433254
263000;0.619069;0.636831;0.0278909
264000;0.626518;0.636831;0.016193
265000;0.622052;0.636831;0.0232062
266000;0.631059;0.636831;0.00906243
267000;0.663432;0.636831;0.0417716
268000;0.618105;0.636831;0.0294038
269000;0.607191;0.636831;0.0465422
270000;0.653899;0.636831;0.0268018
271000;0.645236;0.636831;0.0131987
272000;0.625627;0.636831;0.0175924
273000;0.65009;0.636831;0.0208203
274000;0.608034;0.636831;0.0452188
275000;0.647201;0.636831;0.0162844
276000;0.644865;0.636831;0.0126161
277000;0.654092;0.636831;0.0271049
278000;0.636861;0.636831;4.82198e-05
279000;0.607273;0.636831;0.046414
280000;0.647518;0.636831;0.0167819
281000;0.577033;0.636831;0.093899
282000;0.614674;0.636831;0.0347922
283000;0.626644;0.636831;0.0159958
284000;0.645249;0.636831;0.0132192
285000;0.589272;0.636831;0.0746798
286000;0.651844;0.636831;0.0235757
287000;0.632332;0.636831;0.00706451
288000;0.62715;0.636831;0.0152006
289000;0.615392;0.636831;0.0336649
290000;0.657382;0.636831;0.0322706
291000;0.623834;0.636831;0.0204077
292000;0.63375;0.636831;0.00483812
293000;0.633923;0.636831;0.00456566
294000;0.634127;0.636831;0.00424618
295000;0.615335;0.636831;0.0337547
296000;0.614834;0.636831;0.0345403
297000;0.650097;0.636831;0.0208323
298000;0.648176;0.636831;0.0178156
299000;0.633319;0.636831;0.0055148
300000;0.624113;0.636831;0.0199702
301000;0.622942;0.636831;0.0218086
302000;0.613992;0.636831;0.0358635
303000;0.64763;0.636831;0.0169579
304000;0.641449;0.636831;0.00725142
305000;0.645406;0.636831;0.0134664
306000;0.65852;0.636831;0.034059
307000;0.646735;0.636831;0.015553
308000;0.601917;0.636831;0.0548241
309000;0.626877;0.636831;0.0156293
310000;0.660513;0.636831;0.0371875
311000;0.630314;0.636831;0.0102326
312000;0.615298;0.636831;0.033812
313000;0.638093;0.636831;0.00198184
314000;0.657107;0.636831;0.031839
315000;0.612242;0.636831;0.0386104
316000;0.624543;0.636831;0.0192945
317000;0.619981;0.636831;0.0264588
318000;0.635948;0.636831;0.00138627
319000;0.623539;0.636831;0.0208712
320000;0.628411;0.636831;0.0132209
321000;0.649222;0.636831;0.0194577
322000;0.636284;0.636831;0.000858654
323000;0.64592;0.636831;0.0142723
324000;0.634187;0.636831;0.00415187
325000;0.636481;0.636831;0.000549217
326000;0.626285;0.636831;0.0165594
327000;0.628886;0.636831;0.012475
328000;0.64739;0.636831;0.0165815
329000;0.659139;0.636831;0.0350307
330000;0.629742;0.636831;0.0111309
331000;0.635304;0.636831;0.00239755
332000;0.635529;0.636831;0.00204374
333000;0.616639;0.636831;0.0317059
334000;0.613142;0.636831;0.0371984
335000;0.637744;0.636831;0.00143477
336000;0.655361;0.636831;0.0290978
337000;0.602886;0.636831;0.0533024
338000;0.643416;0.636831;0.0103414
339000;0.631145;0.636831;0.00892819
340000;0.640818;0.636831;0.00626064
341000;0.65246;0.636831;0.0245426
342000;0.609617;0.636831;0.0427333
343000;0.651671;0.636831;0.0233039
344000;0.635716;0.636831;0.00175036
345000;0.657308;0.636831;0.0321547
346000;0.654109;0.636831;0.0271316
347000;0.615787;0.636831;0.0330445
348000;0.632348;0.636831;0.00703915
349000;0.657374;0.636831;0.0322589
350000;0.642499;0.636831;0.00890086
351000;0.645144;0.636831;0.0130538
352000;0.635756;0.636831;0.00168702
353000;0.640653;0.636831;0.00600231
354000;0.63969;0.636831;0.00448952
355000;0.622834;0.636831;0.0219793
356000;0.648106;0.636831;0.0177052
357000;0.62339;0.636831;0.0211059
358000;0.654001;0.636831;0.0269621
359000;0.639632;0.636831;0.004399
360000;0.642519;0.636831;0.00893304
361000;0.637916;0.636831;0.00170482
362000;0.656717;0.636831;0.0312264
363000;0.62389;0.636831;0.0203209
364000;0.62548;0.636831;0.017823
365000;0.646057;0.636831;0.014488
366000;0.663255;0.636831;0.0414934
367000;0.627806;0.636831;0.0141707
368000;0.64491;0.636831;0.0126876
369000;0.627579;0.636831;0.014527
370000;0.661585;0.636831;0.0388716
371000;0.643679;0.636831;0.0107539
372000;0.657927;0.636831;0.0331277
373000;0.6562;0.636831;0.0304153
374000;0.618294;0.636831;0.0291078
375000;0.639733;0.636831;0.00455741
376000;0.622184;0.636831;0.0229992
377000;0.652124;0.636831;0.0240147
378000;0.612575;0.636831;0.0380875
379000;0.649706;0.636831;0.0202182
380000;0.619536;0.636831;0.0271571
381000;0.613006;0.636831;0.0374117
382000;0.626436;0.636831;0.0163218
383000;0.637164;0.636831;0.000524081
384000;0.632418;0.636831;0.0069286
385000;0.638485;0.636831;0.00259763
386000;0.646192;0.636831;0.0147006
387000;0.610001;0.636831;0.0421296
388000;0.646342;0.636831;0.0149358
389000;0.616025;0.636831;0.0326712
390000;0.661276;0.636831;0.0383863
391000;0.623821;0.636831;0.0204289
392000;0.657883;0.636831;0.0330578
393000;0.660394;0.636831;0.0370008
394000;0.644269;0.636831;0.0116801
395000;0.640866;0.636831;0.00633661
396000;0.638404;0.636831;0.0024713
397000;0.634028;0.636831;0.00440126
398000;0.660547;0.636831;0.0372419
399000;0.642201;0.636831;0.00843358
400000;0.630178;0.636831;0.010447
401000;0.635396;0.636831;0.00225337
402000;0.659274;0.636831;0.0352426
403000;0.624702;0.636831;0.0190447
404000;0.636775;0.636831;8.78187e-05
405000;0.64921;0.636831;0.0194392
406000;0.632561;0.636831;0.00670408
407000;0.640697;0.636831;0.00607106
408000;0.652036;0.636831;0.0238758
409000;0.644246;0.636831;0.0116439
410000;0.649261;0.636831;0.0195192
411000;0.610214;0.636831;0.0417959
412000;0.616835;0.636831;0.0313983
413000;0.634868;0.636831;0.00308257
414000;0.638027;0.636831;0.00187856
415000;0.618132;0.636831;0.0293626
416000;0.664805;0.636831;0.0439271
417000;0.624906;0.636831;0.0187256
418000;0.624887;0.636831;0.0187546
419000;0.637826;0.636831;0.00156368
420000;0.647485;0.636831;0.016731
421000;0.659688;0.636831;0.0358919
422000;0.637862;0.636831;0.00161928
423000;0.646607;0.636831;0.0153516
424000;0.648161;0.636831;0.0177918
425000;0.624528;0.636831;0.0193185
426000;0.627135;0.636831;0.0152254
427000;0.609188;0.636831;0.0434061
428000;0.619931;0.636831;0.0265364
429000;0.638482;0.636831;0.00259265
430000;0.660114;0.636831;0.036562
431000;0.638241;0.636831;0.00221502
432000;0.678356;0.636831;0.0652061
433000;0.66868;0.636831;0.0500115
434000;0.631059;0.636831;0.00906317
435000;0.625969;0.636831;0.0170559
436000;0.639474;0.636831;0.0041513
437000;0.647524;0.636831;0.0167909
438000;0.640232;0.636831;0.00534041
439000;0.618605;0.636831;0.0286187
440000;0.66516;0.636831;0.0444846
441000;0.64918;0.636831;0.0193915
442000;0.639831;0.636831;0.00471111
443000;0.621787;0.636831;0.0236227
444000;0.613381;0.636831;0.0368219
445000;0.63823;0.636831;0.00219726
446000;0.639286;0.636831;0.00385544
447000;0.63937;0.636831;0.00398756
448000;0.635748;0.636831;0.0016999
449000;0.642207;0.636831;0.00844178
450000;0.627487;0.636831;0.0146723
451000;0.670088;0.636831;0.052224
452000;0.654735;0.636831;0.0281153
453000;0.622236;0.636831;0.0229168
454000;0.66031;0.636831;0.0368685
455000;0.620504;0.636831;0.0256378
456000;0.608736;0.636831;0.0441169
457000;0.618184;0.636831;0.0292808
458000;0.645435;0.636831;0.0135117
459000;0.630116;0.636831;0.0105434
460000;0.604706;0.636831;0.0504453
461000;0.628066;0.636831;0.013763
462000;0.633576;0.636831;0.00511048
463000;0.635151;0.636831;0.0026378
464000;0.641385;0.636831;0.00715185
465000;0.626516;0.636831;0.0161974
466000;0.624464;0.636831;0.0194194
467000;0.618409;0.636831;0.0289278
468000;0.640236;0.636831;0.00534661
469000;0.646297;0.636831;0.0148654
470000;0.630923;0.636831;0.00927622
471000;0.646356;0.636831;0.0149572
472000;0.634107;0.636831;0.00427655
473000;0.653882;0.636831;0.0267761
474000;0.642786;0.636831;0.00935081
475000;0.65026;0.636831;0.0210884
476000;0.649688;0.636831;0.0201901
477000;0.608862;0.636831;0.0439177
478000;0.626213;0.636831;0.0166729
479000;0.671777;0.636831;0.0548755
480000;0.634836;0.636831;0.00313292
481000;0.625914;0.636831;0.0171421
482000;0.620683;0.636831;0.0253567
483000;0.669649;0.636831;0.0515342
484000;0.661015;0.636831;0.0379759
485000;0.635441;0.636831;0.00218226
486000;0.641974;0.636831;0.00807703
487000;0.659625;0.636831;0.035794
488000;0.66453;0.636831;0.0434957
489000;0.637999;0.636831;0.00183421
490000;0.627213;0.636831;0.0151016
491000;0.643108;0.636831;0.00985642
492000;0.620358;0.636831;0.0258659
493000;0.625397;0.636831;0.0179534
494000;0.627257;0.636831;0.0150338
495000;0.650451;0.636831;0.0213871
496000;0.657076;0.636831;0.0317908
497000;0.663338;0.636831;0.041624
498000;0.630224;0.636831;0.0103738
499000;0.656721;0.636831;0.031233
500000;0.634197;0.636831;0.00413494
501000;0.62906;0.636831;0.0122021
502000;0.638396;0.636831;0.00245863
503000;0.653403;0.636831;0.0260232
504000;0.642348;0.636831;0.0086639
505000;0.62569;0.636831;0.0174938
506000;0.634244;0.636831;0.00406103
507000;0.647176;0.636831;0.0162454
508000;0.662862;0.636831;0.040877
509000;0.633583;0.636831;0.00509922
510000;0.632241;0.636831;0.00720659
511000;0.604464;0.636831;0.0508253
512000;0.65049;0.636831;0.0214486
513000;0.62825;0.636831;0.0134743
514000;0.61362;0.636831;0.0364477
515000;0.633796;0.636831;0.00476454
516000;0.645408;0.636831;0.0134689
517000;0.686298;0.636831;0.0776766
518000;0.609833;0.636831;0.0423932
519000;0.661675;0.636831;0.0390117
520000;0.636949;0.636831;0.000186614
521000;0.66383;0.636831;0.0423969
522000;0.642292;0.636831;0.00857583
523000;0.642007;0.636831;0.00812857
524000;0.622041;0.636831;0.0232237
525000;0.650124;0.636831;0.0208744
526000;0.645941;0.636831;0.0143065
527000;0.601226;0.636831;0.0559097
528000;0.612086;0.636831;0.0388563
529000;0.631674;0.636831;0.00809795
530000;0.644133;0.636831;0.0114668
531000;0.624962;0.636831;0.0186377
532000;0.644202;0.636831;0.011575
533000;0.631032;0.636831;0.00910524
534000;0.621856;0.636831;0.0235137
535000;0.667098;0.636831;0.0475282
536000;0.6332;0.636831;0.00570185
537000;0.637409;0.636831;0.00090875
538000;0.626887;0.636831;0.0156147
539000;0.6232;0.636831;0.0214046
540000;0.65085;0.636831;0.0220148
541000;0.599736;0.636831;0.0582483
542000;0.644453;0.636831;0.0119684
543000;0.63931;0.636831;0.00389321
544000;0.628677;0.636831;0.0128033
545000;0.624295;0.636831;0.0196842
546000;0.631883;0.636831;0.00776976
547000;0.637261;0.636831;0.00067516
548000;0.641065;0.636831;0.00664866
549000;0.651592;0.636831;0.0231791
550000;0.640442;0.636831;0.0056703
551000;0.645866;0.636831;0.0141877
552000;0.633465;0.636831;0.00528515
553000;0.629681;0.636831;0.0112277
554000;0.639582;0.636831;0.0043206
555000;0.615366;0.636831;0.0337058
556000;0.656885;0.636831;0.0314914
557000;0.648871;0.636831;0.0189062
558000;0.640977;0.636831;0.00651014
559000;0.623467;0.636831;0.0209847
560000;0.636596;0.636831;0.000368703
561000;0.643763;0.636831;0.0108852
562000;0.624259;0.636831;0.0197403
563000;0.646643;0.636831;0.0154076
564000;0.633795;0.636831;0.00476642
565000;0.628962;0.636831;0.0123564
566000;0.614932;0.636831;0.0343867
567000;0.661037;0.636831;0.0380102
568000;0.633979;0.636831;0.0044776
569000;0.630115;0.636831;0.0105451
570000;0.638196;0.636831;0.00214333
571000;0.646843;0.636831;0.0157228
572000;0.615275;0.636831;0.033848
573000;0.618407;0.636831;0.0289302
574000;0.66504;0.636831;0.0442969
575000;0.626814;0.636831;0.0157285
576000;0.639696;0.636831;0.00449862
577000;0.623929;0.636831;0.0202597
578000;0.633377;0.636831;0.00542316
579000;0.62468;0.636831;0.0190805
580000;0.640261;0.636831;0.00538616
581000;0.628165;0.636831;0.0136069
582000;0.631721;0.636831;0.00802338
583000;0.604625;0.636831;0.0505725
584000;0.623544;0.636831;0.0208645
585000;0.627732;0.636831;0.0142871
586000;0.638853;0.636831;0.00317524
587000;0.638542;0.636831;0.00268667
588000;0.617725;0.636831;0.0300004
589000;0.636544;0.636831;0.000450553
590000;0.645359;0.636831;0.0133916
591000;0.640328;0.636831;0.00549136
592000;0.630184;0.636831;0.0104368
593000;0.621814;0.636831;0.0235809
594000;0.628985;0.636831;0.0123205
595000;0.616482;0.636831;0.031953
596000;0.666027;0.636831;0.0458467
597000;0.635373;0.636831;0.00228931
598000;0.63558;0.636831;0.00196422
599000;0.635326;0.636831;0.00236286
600000;0.6485;0.636831;0.0183243
601000;0.639082;0.636831;0.00353582
602000;0.668116;0.636831;0.0491269
603000;0.624588;0.636831;0.0192242
604000;0.631105;0.636831;0.00899047
605000;0.650259;0.636831;0.0210861
606000;0.665762;0.636831;0.04543
607000;0.65187;0.636831;0.0236154
608000;0.632225;0.636831;0.00723287
609000;0.647537;0.636831;0.0168126
610000;0.628664;0.636831;0.0128241
611000;0.594892;0.636831;0.0658547
612000;0.61135;0.636831;0.0400116
613000;0.643293;0.636831;0.0101476
614000;0.643255;0.636831;0.0100881
615000;0.659477;0.636831;0.0355615
616000;0.642793;0.636831;0.00936313
617000;0.644783;0.636831;0.0124872
618000;0.639942;0.636831;0.00488492
619000;0.664403;0.636831;0.0432965
620000;0.630854;0.636831;0.00938451
621000;0.650801;0.636831;0.0219365
622000;0.621182;0.636831;0.0245735
623000;0.637871;0.636831;0.00163399
624000;0.637993;0.636831;0.00182465
625000;0.644999;0.636831;0.0128267
626000;0.645915;0.636831;0.0142648
627000;0.628963;0.636831;0.012354
628000;0.645424;0.636831;0.0134942
629000;0.639178;0.636831;0.0036857
630000;0.639456;0.636831;0.00412185
631000;0.622924;0.636831;0.0218365
632000;0.626649;0.636831;0.0159885
633000;0.645646;0.636831;0.013842
634000;0.626527;0.636831;0.016179
635000;0.636569;0.636831;0.000410962
636000;0.656469;0.636831;0.030837
637000;0.63772;0.636831;0.00139668
638000;0.642105;0.636831;0.00828143
639000;0.654689;0.636831;0.0280421
640000;0.625024;0.636831;0.0185397
641000;0.626607;0.636831;0.016054
642000;0.638506;0.636831;0.00263092
643000;0.629275;0.636831;0.0118643
644000;0.638833;0.636831;0.00314411
645000;0.642167;0.636831;0.00838028
646000;0.622426;0.636831;0.022619
647000;0.62863;0.636831;0.0128775
648000;0.642181;0.636831;0.00840096
649000;0.626791;0.636831;0.015765
650000;0.622358;0.636831;0.0227263
651000;0.646803;0.636831;0.015659
652000;0.612326;0.636831;0.0384794
653000;0.597733;0.636831;0.0613944
654000;0.625565;0.636831;0.0176908
655000;0.622645;0.636831;0.0222758
656000;0.637489;0.636831;0.00103364
657000;0.633922;0.636831;0.00456681
658000;0.645886;0.636831;0.0142189
659000;0.62997;0.636831;0.0107738
660000;0.62183;0.636831;0.0235556
661000;0.626993;0.636831;0.0154474
662000;0.651675;0.636831;0.0233103
663000;0.657006;0.636831;0.0316806
664000;0.636809;0.636831;3.35505e-05
665000;0.609907;0.636831;0.0422773
666000;0.646036;0.636831;0.0144547
667000;0.635265;0.636831;0.00245773
668000;0.646455;0.636831;0.0151127
669000;0.629835;0.636831;0.0109857
670000;0.63534;0.636831;0.00234016
671000;0.638148;0.636831;0.0020684
672000;0.643044;0.636831;0.00975688
673000;0.646963;0.636831;0.0159106
674000;0.623207;0.636831;0.0213922
675000;0.673732;0.636831;0.0579458
676000;0.638331;0.636831;0.00235631
677000;0.630454;0.636831;0.0100124
678000;0.653721;0.636831;0.0265217
679000;0.63846;0.636831;0.00255837
680000;0.63314;0.636831;0.00579529
681000;0.646857;0.636831;0.0157434
682000;0.633079;0.636831;0.00589116
683000;0.644286;0.636831;0.011707
684000;0.650638;0.636831;0.0216814
685000;0.617246;0.636831;0.030753
686000;0.615243;0.636831;0.033899
687000;0.625767;0.636831;0.0173724
688000;0.636526;0.636831;0.000479082
689000;0.625301;0.636831;0.018104
690000;0.634066;0.636831;0.0043414
691000;0.645243;0.636831;0.0132095
692000;0.665509;0.636831;0.0450336
693000;0.633217;0.636831;0.00567452
694000;0.645156;0.636831;0.0130726
695000;0.626006;0.636831;0.0169976
696000;0.625277;0.636831;0.0181419
697000;0.652594;0.636831;0.0247536
698000;0.646451;0.636831;0.0151062
699000;0.632048;0.636831;0.00751017
700000;0.660153;0.636831;0.0366218
701000;0.661552;0.636831;0.0388195
702000;0.621426;0.636831;0.02419
703000;0.654479;0.636831;0.0277122
704000;0.638265;0.636831;0.00225239
705000;0.611827;0.636831;0.0392633
706000;0.631811;0.636831;0.00788271
707000;0.638844;0.636831;0.00316075
708000;0.657812;0.636831;0.0329459
709000;0.635043;0.636831;0.00280705
710000;0.647779;0.636831;0.0171915
711000;0.615612;0.636831;0.0333194
712000;0.615782;0.636831;0.0330514
713000;0.651013;0.636831;0.0222707
714000;0.619506;0.636831;0.027204
715000;0.624281;0.636831;0.0197065
716000;0.622205;0.636831;0.0229664
717000;0.649878;0.636831;0.0204876
718000;0.636051;0.636831;0.0012249
719000;0.64396;0.636831;0.0111949
720000;0.648372;0.636831;0.0181237
721000;0.620595;0.636831;0.0254946
722000;0.639958;0.636831;0.00491026
723000;0.645444;0.636831;0.0135247
724000;0.637221;0.636831;0.000613422
725000;0.62039;0.636831;0.0258167
726000;0.648116;0.636831;0.0177216
727000;0.643029;0.636831;0.00973255
728000;0.646622;0.636831;0.0153752
729000;0.630194;0.636831;0.0104207
730000;0.641059;0.636831;0.00663892
731000;0.646015;0.636831;0.0144227
732000;0.645295;0.636831;0.013291
733000;0.632786;0.636831;0.00635158
734000;0.647962;0.636831;0.0174789
735000;0.626711;0.636831;0.0158903
736000;0.641733;0.636831;0.00769868
737000;0.611426;0.636831;0.0398918
738000;0.622716;0.636831;0.0221641
739000;0.652023;0.636831;0.0238565
740000;0.671772;0.636831;0.0548679
741000;0.637836;0.636831;0.00157806
742000;0.641382;0.636831;0.00714649
743000;0.643953;0.636831;0.0111836
744000;0.623749;0.636831;0.020542
745000;0.62624;0.636831;0.0166304
746000;0.637879;0.636831;0.00164661
747000;0.654674;0.636831;0.0280186
748000;0.624776;0.636831;0.018929
749000;0.627516;0.636831;0.0146266
750000;0.634032;0.636831;0.00439431
751000;0.629605;0.636831;0.0113456
752000;0.628127;0.636831;0.0136678
753000;0.619165;0.636831;0.0277396
754000;0.642366;0.636831;0.00869194
755000;0.632925;0.636831;0.00613261
756000;0.643931;0.636831;0.0111492
757000;0.632951;0.636831;0.00609166
758000;0.655744;0.636831;0.029699
759000;0.641364;0.636831;0.0071192
760000;0.621851;0.636831;0.0235228
761000;0.650786;0.636831;0.0219142
762000;0.621829;0.636831;0.0235574
763000;0.640809;0.636831;0.00624762
764000;0.633311;0.636831;0.0055269
765000;0.655018;0.636831;0.0285591
766000;0.649379;0.636831;0.0197038
767000;0.63675;0.636831;0.000127371
768000;0.63229;0.636831;0.00712935
769000;0.63894;0.636831;0.00331305
770000;0.650312;0.636831;0.0211696
771000;0.624411;0.636831;0.0195026
772000;0.63355;0.636831;0.00515076
773000;0.648398;0.636831;0.0181644
774000;0.640565;0.636831;0.00586377
775000;0.63572;0.636831;0.00174455
776000;0.658427;0.636831;0.0339124
777000;0.655242;0.636831;0.0289112
778000;0.620994;0.636831;0.0248672
779000;0.626268;0.636831;0.0165869
780000;0.631158;0.636831;0.00890794
781000;0.661786;0.636831;0.0391868
782000;0.640797;0.636831;0.00622767
783000;0.633006;0.636831;0.00600634
784000;0.63618;0.636831;0.00102222
785000;0.642757;0.636831;0.0093055
786000;0.629284;0.636831;0.0118511
787000;0.624963;0.636831;0.0186348
788000;0.62334;0.636831;0.0211835
789000;0.632128;0.636831;0.00738508
790000;0.633015;0.636831;0.00599125
791000;0.637819;0.636831;0.00155228
792000;0.642724;0.636831;0.00925475
793000;0.631248;0.636831;0.0087669
794000;0.627302;0.636831;0.014963
795000;0.621777;0.636831;0.0236391
796000;0.657303;0.636831;0.032147
797000;0.622244;0.636831;0.0229049
798000;0.647071;0.636831;0.0160795
799000;0.618467;0.636831;0.0288362
800000;0.604722;0.636831;0.0504191
801000;0.643635;0.636831;0.0106852
802000;0.658211;0.636831;0.0335727
803000;0.626619;0.636831;0.0160359
804000;0.640577;0.636831;0.00588224
805000;0.649859;0.636831;0.0204586
806000;0.645164;0.636831;0.0130857
807000;0.654077;0.636831;0.0270817
808000;0.655411;0.636831;0.0291759
809000;0.628843;0.636831;0.0125434
810000;0.626603;0.636831;0.0160605
811000;0.617882;0.636831;0.0297551
812000;0.64375;0.636831;0.0108646
813000;0.646502;0.636831;0.0151865
814000;0.618101;0.636831;0.02941
815000;0.642873;0.636831;0.00948798
816000;0.625067;0.636831;0.0184721
817000;0.639474;0.636831;0.00415107
818000;0.637719;0.636831;0.00139546
819000;0.623388;0.636831;0.0211079
820000;0.619966;0.636831;0.0264814
821000;0.644077;0.636831;0.0113785
822000;0.638262;0.636831;0.00224717
823000;0.647158;0.636831;0.0162172
824000;0.629868;0.636831;0.0109337
825000;0.648601;0.636831;0.0184822
826000;0.617204;0.636831;0.0308194
827000;0.623847;0.636831;0.0203875
828000;0.612506;0.636831;0.0381971
829000;0.659295;0.636831;0.0352746
830000;0.664576;0.636831;0.043568
831000;0.638313;0.636831;0.00232789
832000;0.639936;0.636831;0.00487696
833000;0.6237;0.636831;0.0206184
834000;0.631876;0.636831;0.00777968
835000;0.638244;0.636831;0.00221917
836000;0.623763;0.636831;0.0205192
837000;0.645799;0.636831;0.0140831
838000;0.624752;0.636831;0.0189669
839000;0.633418;0.636831;0.00535873
840000;0.656539;0.636831;0.030948
841000;0.639975;0.636831;0.00493681
842000;0.630083;0.636831;0.0105963
843000;0.653634;0.636831;0.0263862
844000;0.64606;0.636831;0.0144925
845000;0.626067;0.636831;0.0169026
846000;0.644353;0.636831;0.0118123
847000;0.626602;0.636831;0.0160615
848000;0.636747;0.636831;0.00013139
849000;0.633448;0.636831;0.00531246
850000;0.617142;0.636831;0.0309162
851000;0.643915;0.636831;0.0111248
852000;0.667824;0.636831;0.048668
853000;0.623637;0.636831;0.020717
854000;0.632109;0.636831;0.00741418
855000;0.64114;0.636831;0.00676697
856000;0.645325;0.636831;0.0133384
857000;0.629039;0.636831;0.0122345
858000;0.63231;0.636831;0.0070981
859000;0.630368;0.636831;0.0101483
860000;0.629743;0.636831;0.0111302
861000;0.639994;0.636831;0.00496662
862000;0.625663;0.636831;0.0175358
863000;0.634429;0.636831;0.00377167
864000;0.643377;0.636831;0.0102788
865000;0.643883;0.636831;0.0110745
866000;0.627591;0.636831;0.0145091
867000;0.630659;0.636831;0.00969044
868000;0.634717;0.636831;0.00331867
869000;0.648442;0.636831;0.0182332
870000;0.630084;0.636831;0.0105935
871000;0.64497;0.636831;0.0127812
872000;0.635048;0.636831;0.00279852
873000;0.657738;0.636831;0.0328307
874000;0.615235;0.636831;0.033911
875000;0.635517;0.636831;0.00206274
876000;0.618606;0.636831;0.0286178
877000;0.622949;0.636831;0.0217975
878000;0.640662;0.636831;0.00601671
879000;0.640404;0.636831;0.00561109
880000;0.636628;0.636831;0.000317828
881000;0.634366;0.636831;0.0038703
882000;0.64738;0.636831;0.0165649
883000;0.630515;0.636831;0.00991695
884000;0.634904;0.636831;0.00302566
885000;0.62039;0.636831;0.0258159
886000;0.653813;0.636831;0.0266671
887000;0.637549;0.636831;0.00112764
888000;0.62282;0.636831;0.0220012
889000;0.632608;0.636831;0.00663099
890000;0.630373;0.636831;0.0101398
891000;0.641991;0.636831;0.00810354
892000;0.633401;0.636831;0.00538554
893000;0.634616;0.636831;0.0034782
894000;0.635021;0.636831;0.00284198
895000;0.613648;0.636831;0.0364026
896000;0.638412;0.636831;0.00248386
897000;0.615527;0.636831;0.0334522
898000;0.633663;0.636831;0.00497412
899000;0.627374;0.636831;0.0148494
900000;0.641118;0.636831;0.00673155
901000;0.644254;0.636831;0.011657
902000;0.65019;0.636831;0.0209777
903000;0.644669;0.636831;0.0123081
904000;0.639426;0.636831;0.00407605
905000;0.642074;0.636831;0.0082335
906000;0.632329;0.636831;0.00706914
907000;0.649447;0.636831;0.019811
908000;0.628712;0.636831;0.0127487
909000;0.623425;0.636831;0.0210507
910000;0.631317;0.636831;0.00865729
911000;0.641687;0.636831;0.00762659
912000;0.62855;0.636831;0.0130027
913000;0.637871;0.636831;0.00163292
914000;0.633421;0.636831;0.00535449
915000;0.635428;0.636831;0.00220243
916000;0.639531;0.636831;0.00424002
917000;0.621629;0.636831;0.0238708
918000;0.635555;0.636831;0.00200275
919000;0.644685;0.636831;0.0123338
920000;0.638293;0.636831;0.00229635
921000;0.623262;0.636831;0.0213064
922000;0.628127;0.636831;0.013667
923000;0.633629;0.636831;0.00502717
924000;0.659889;0.636831;0.0362075
925000;0.626705;0.636831;0.0159005
926000;0.640085;0.636831;0.00511026
927000;0.621233;0.636831;0.0244923
928000;0.627395;0.636831;0.0148159
929000;0.652874;0.636831;0.025193
930000;0.61269;0.636831;0.0379068
931000;0.642679;0.636831;0.00918345
932000;0.641775;0.636831;0.00776365
933000;0.636205;0.636831;0.000982893
934000;0.621428;0.636831;0.0241859
935000;0.626245;0.636831;0.0166217
936000;0.648663;0.636831;0.0185806
937000;0.653451;0.636831;0.0260993
938000;0.614798;0.636831;0.0345975
939000;0.639154;0.636831;0.00364771
940000;0.63739;0.636831;0.000878245
941000;0.62981;0.636831;0.0110241
942000;0.634546;0.636831;0.00358779
943000;0.648141;0.636831;0.0177609
944000;0.626037;0.636831;0.0169487
945000;0.636116;0.636831;0.00112142
946000;0.636083;0.636831;0.00117352
947000;0.637247;0.636831;0.000654344
948000;0.647903;0.636831;0.017386
949000;0.651103;0.636831;0.0224114
950000;0.625055;0.636831;0.0184917
951000;0.632065;0.636831;0.00748266
952000;0.632983;0.636831;0.00604126
953000;0.634071;0.636831;0.00433363
954000;0.656324;0.636831;0.03061
955000;0.62819;0.636831;0.0135686
956000;0.63048;0.636831;0.00997236
957000;0.647855;0.636831;0.0173107
958000;0.635312;0.636831;0.00238506
959000;0.629312;0.636831;0.0118066
960000;0.618126;0.636831;0.0293718
961000;0.628199;0.636831;0.0135542
962000;0.630659;0.636831;0.00969061
963000;0.646005;0.636831;0.0144069
964000;0.631455;0.636831;0.00844101
965000;0.636135;0.636831;0.00109164
966000;0.616915;0.636831;0.0312725
967000;0.634906;0.636831;0.0030224
968000;0.6522;0.636831;0.0241343
969000;0.64204;0.636831;0.00817973
970000;0.626193;0.636831;0.0167043
971000;0.640668;0.636831;0.00602594
972000;0.640447;0.636831;0.00567907
973000;0.636233;0.636831;0.000938604
974000;0.637037;0.636831;0.000324594
975000;0.626753;0.636831;0.0158255
976000;0.621188;0.636831;0.0245635
977000;0.650828;0.636831;0.0219805
978000;0.638336;0.636831;0.00236405
979000;0.658245;0.636831;0.033627
980000;0.638957;0.636831;0.0033391
981000;0.637419;0.636831;0.000924028
982000;0.655777;0.636831;0.0297509
983000;0.619298;0.636831;0.0275312
984000;0.639703;0.636831;0.00451019
985000;0.645383;0.636831;0.0134293
986000;0.635321;0.636831;0.00237089
987000;0.638503;0.636831;0.00262622
988000;0.633893;0.636831;0.00461287
989000;0.640366;0.636831;0.0055517
990000;0.638221;0.636831;0.00218332
991000;0.650146;0.636831;0.0209086
992000;0.630898;0.636831;0.00931598
993000;0.626476;0.636831;0.0162603
994000;0.633303;0.636831;0.00553968
995000;0.643157;0.636831;0.00993404
996000;0.637547;0.636831;0.00112543
997000;0.635868;0.636831;0.00151168
998000;0.632926;0.636831;0.00613079
999000;0.653251;0.636831;0.025785
1000000;0.641437;0.636831;0.00723339
