nSimulations;Delta_Antithetic;Delta_BS;Relative_Error
1000;0.762452;0.636831;0.197261
2000;0.589739;0.636831;0.0739461
3000;0.675925;0.636831;0.0613887
4000;0.566726;0.636831;0.110083
5000;0.812197;0.636831;0.275374
6000;0.83902;0.636831;0.317492
7000;0.632616;0.636831;0.00661824
8000;0.551752;0.636831;0.133597
9000;0.696714;0.636831;0.094033
10000;0.811837;0.636831;0.274808
11000;0.587992;0.636831;0.0766906
12000;0.675254;0.636831;0.0603353
13000;0.550061;0.636831;0.136252
14000;0.591156;0.636831;0.0717217
15000;0.549997;0.636831;0.136352
16000;0.641155;0.636831;0.0067908
17000;0.498703;0.636831;0.216899
18000;0.658647;0.636831;0.0342578
19000;0.595135;0.636831;0.0654731
20000;0.585246;0.636831;0.0810019
21000;0.676445;0.636831;0.062205
22000;0.645268;0.636831;0.0132491
23000;0.609051;0.636831;0.0436215
24000;0.595648;0.636831;0.0646684
25000;0.620131;0.636831;0.0262223
26000;0.571366;0.636831;0.102797
27000;0.633348;0.636831;0.00546841
28000;0.626042;0.636831;0.0169415
29000;0.611188;0.636831;0.0402662
30000;0.687629;0.636831;0.0797679
31000;0.61522;0.636831;0.0339348
32000;0.635034;0.636831;0.00282141
33000;0.613607;0.636831;0.0364668
34000;0.599808;0.636831;0.0581364
35000;0.565139;0.636831;0.112575
36000;0.684825;0.636831;0.0753642
37000;0.660231;0.636831;0.0367448
38000;0.682059;0.636831;0.0710206
39000;0.581559;0.636831;0.086791
40000;0.652434;0.636831;0.0245009
41000;0.663435;0.636831;0.0417762
42000;0.68265;0.636831;0.0719496
43000;0.565924;0.636831;0.111343
44000;0.639402;0.636831;0.00403697
45000;0.60012;0.636831;0.0576457
46000;0.703407;0.636831;0.104543
47000;0.659371;0.636831;0.0353947
48000;0.567587;0.636831;0.108732
49000;0.693309;0.636831;0.0886865
50000;0.632638;0.636831;0.00658434
51000;0.667404;0.636831;0.0480081
52000;0.65179;0.636831;0.023491
53000;0.625288;0.636831;0.0181245
54000;0.643443;0.636831;0.0103834
55000;0.672058;0.636831;0.0553164
56000;0.645823;0.636831;0.0141211
57000;0.706355;0.636831;0.109173
58000;0.625407;0.636831;0.0179379
59000;0.695002;0.636831;0.0913447
60000;0.65181;0.636831;0.0235219
61000;0.599061;0.636831;0.0593081
62000;0.652083;0.636831;0.0239503
63000;0.623807;0.636831;0.0204511
64000;0.626643;0.636831;0.0159981
65000;0.618382;0.636831;0.028969
66000;0.631422;0.636831;0.00849374
67000;0.641284;0.636831;0.00699347
68000;0.569207;0.636831;0.106187
69000;0.655679;0.636831;0.0295972
70000;0.647872;0.636831;0.0173387
71000;0.63535;0.636831;0.00232461
72000;0.636756;0.636831;0.000117144
73000;0.614584;0.636831;0.0349339
74000;0.652395;0.636831;0.0244401
75000;0.612647;0.636831;0.0379749
76000;0.66021;0.636831;0.0367123
77000;0.653845;0.636831;0.0267166
78000;0.64222;0.636831;0.00846294
79000;0.617478;0.636831;0.0303893
80000;0.621961;0.636831;0.0233487
81000;0.622275;0.636831;0.0228559
82000;0.668072;0.636831;0.0490582
83000;0.578007;0.636831;0.0923697
84000;0.638439;0.636831;0.00252599
85000;0.658682;0.636831;0.0343126
86000;0.681925;0.636831;0.0708098
87000;0.663723;0.636831;0.0422277
88000;0.675223;0.636831;0.0602862
89000;0.641182;0.636831;0.00683312
90000;0.665216;0.636831;0.0445736
91000;0.628467;0.636831;0.013134
92000;0.651611;0.636831;0.0232099
93000;0.67966;0.636831;0.0672535
94000;0.63123;0.636831;0.00879418
95000;0.663931;0.636831;0.0425553
96000;0.655227;0.636831;0.0288878
97000;0.614822;0.636831;0.0345596
98000;0.640931;0.636831;0.0064382
99000;0.621855;0.636831;0.0235165
100000;0.637384;0.636831;0.000868271
101000;0.632186;0.636831;0.00729353
102000;0.637506;0.636831;0.00106
103000;0.611423;0.636831;0.0398976
104000;0.654064;0.636831;0.0270618
105000;0.678583;0.636831;0.0655623
106000;0.678168;0.636831;0.0649108
107000;0.646471;0.636831;0.0151375
108000;0.676925;0.636831;0.0629585
109000;0.607227;0.636831;0.0464856
110000;0.643659;0.636831;0.0107224
111000;0.630867;0.636831;0.00936379
112000;0.644118;0.636831;0.011443
113000;0.636436;0.636831;0.000620436
114000;0.631435;0.636831;0.00847188
115000;0.620223;0.636831;0.026079
116000;0.649512;0.636831;0.0199128
117000;0.61967;0.636831;0.0269477
118000;0.648685;0.636831;0.0186146
119000;0.66194;0.636831;0.0394288
120000;0.659367;0.636831;0.0353878
121000;0.625926;0.636831;0.017123
122000;0.62353;0.636831;0.0208864
123000;0.635918;0.636831;0.00143353
124000;0.607322;0.636831;0.0463364
125000;0.62841;0.636831;0.013222
126000;0.592702;0.636831;0.0692943
127000;0.656939;0.636831;0.0315755
128000;0.647327;0.636831;0.0164818
129000;0.651308;0.636831;0.022734
130000;0.62809;0.636831;0.0137257
131000;0.660928;0.636831;0.0378402
132000;0.623661;0.636831;0.0206802
133000;0.595203;0.636831;0.0653672
134000;0.643342;0.636831;0.0102247
135000;0.638183;0.636831;0.00212351
136000;0.640986;0.636831;0.00652434
137000;0.611711;0.636831;0.0394453
138000;0.609614;0.636831;0.0427371
139000;0.6469;0.636831;0.0158109
140000;0.628813;0.636831;0.0125896
141000;0.637007;0.636831;0.000277571
142000;0.64633;0.636831;0.0149165
143000;0.662488;0.636831;0.0402893
144000;0.64342;0.636831;0.0103475
145000;0.609734;0.636831;0.0425498
146000;0.607976;0.636831;0.0453097
147000;0.618531;0.636831;0.0287355
148000;0.618952;0.636831;0.0280738
149000;0.643268;0.636831;0.0101091
150000;0.615615;0.636831;0.0333148
151000;0.634118;0.636831;0.00426001
152000;0.645074;0.636831;0.0129447
153000;0.611275;0.636831;0.0401297
154000;0.645333;0.636831;0.0133508
155000;0.653684;0.636831;0.0264644
156000;0.599305;0.636831;0.0589251
157000;0.637826;0.636831;0.00156299
158000;0.671448;0.636831;0.0543584
159000;0.65636;0.636831;0.0306668
160000;0.643201;0.636831;0.0100039
161000;0.602644;0.636831;0.0536822
162000;0.633202;0.636831;0.00569861
163000;0.62376;0.636831;0.0205242
164000;0.61899;0.636831;0.0280153
165000;0.628775;0.636831;0.0126501
166000;0.638425;0.636831;0.00250388
167000;0.651822;0.636831;0.0235412
168000;0.677213;0.636831;0.0634112
169000;0.615351;0.636831;0.0337296
170000;0.635917;0.636831;0.00143434
171000;0.61927;0.636831;0.0275753
172000;0.648639;0.636831;0.0185423
173000;0.649571;0.636831;0.0200059
174000;0.633683;0.636831;0.00494273
175000;0.666819;0.636831;0.0470899
176000;0.654155;0.636831;0.0272033
177000;0.634952;0.636831;0.00294988
178000;0.648492;0.636831;0.0183117
179000;0.659738;0.636831;0.0359714
180000;0.64298;0.636831;0.00965618
181000;0.6467;0.636831;0.0154977
182000;0.632065;0.636831;0.00748414
183000;0.640736;0.636831;0.00613315
184000;0.612666;0.636831;0.0379448
185000;0.660506;0.636831;0.0371776
186000;0.648026;0.636831;0.0175797
187000;0.652352;0.636831;0.0243723
188000;0.632988;0.636831;0.0060346
189000;0.642058;0.636831;0.00820882
190000;0.650544;0.636831;0.0215337
191000;0.629259;0.636831;0.0118903
192000;0.637268;0.636831;0.000686732
193000;0.639864;0.636831;0.0047632
194000;0.660039;0.636831;0.0364428
195000;0.631589;0.636831;0.00823075
196000;0.61997;0.636831;0.0264754
197000;0.629241;0.636831;0.0119173
198000;0.601941;0.636831;0.0547865
199000;0.638627;0.636831;0.00282011
200000;0.637098;0.636831;0.000420039
201000;0.634141;0.636831;0.00422279
202000;0.612872;0.636831;0.0376222
203000;0.651653;0.636831;0.0232754
204000;0.617956;0.636831;0.0296385
205000;0.666544;0.636831;0.0466582
206000;0.619507;0.636831;0.0272029
207000;0.657775;0.636831;0.0328884
208000;0.641449;0.636831;0.00725141
209000;0.636095;0.636831;0.0011559
210000;0.597291;0.636831;0.0620885
211000;0.627299;0.636831;0.0149677
212000;0.648906;0.636831;0.0189619
213000;0.642807;0.636831;0.00938486
214000;0.655403;0.636831;0.0291642
215000;0.652049;0.636831;0.0238964
216000;0.630934;0.636831;0.00925882
217000;0.648645;0.636831;0.0185522
218000;0.651398;0.636831;0.022875
219000;0.610758;0.636831;0.0409411
220000;0.629263;0.636831;0.0118829
221000;0.618819;0.636831;0.0282825
222000;0.626121;0.636831;0.0168167
223000;0.604377;0.636831;0.0509614
224000;0.62459;0.636831;0.019221
225000;0.648415;0.636831;0.0181899
226000;0.637786;0.636831;0.00150087
227000;0.626475;0.636831;0.0162611
228000;0.644247;0.636831;0.0116453
229000;0.589939;0.636831;0.0736336
230000;0.613372;0.636831;0.0368358
231000;0.662077;0.636831;0.0396436
232000;0.618768;0.636831;0.0283634
233000;0.625696;0.636831;0.0174845
234000;0.64812;0.636831;0.017728
235000;0.67793;0.636831;0.0645375
236000;0.615084;0.636831;0.0341481
237000;0.644063;0.636831;0.0113573
238000;0.621269;0.636831;0.0244365
239000;0.624896;0.636831;0.0187408
240000;0.638827;0.636831;0.00313419
241000;0.627414;0.636831;0.0147875
242000;0.625711;0.636831;0.0174612
243000;0.631199;0.636831;0.00884282
244000;0.63415;0.636831;0.00420933
245000;0.637013;0.636831;0.000285844
246000;0.630314;0.636831;0.0102328
247000;0.629064;0.636831;0.012196
248000;0.621056;0.636831;0.0247713
249000;0.621838;0.636831;0.0235431
250000;0.645731;0.636831;0.0139755
251000;0.638144;0.636831;0.00206173
252000;0.617266;0.636831;0.0307225
253000;0.629682;0.636831;0.0112258
254000;0.633958;0.636831;0.00451028
255000;0.643813;0.636831;0.0109645
256000;0.651653;0.636831;0.0232747
257000;0.647594;0.636831;0.0169016
258000;0.639106;0.636831;0.00357262
259000;0.658749;0.636831;0.0344177
260000;0.64627;0.636831;0.0148222
261000;0.668882;0.636831;0.0503298
262000;0.664584;0.636831;0.0435802
263000;0.631204;0.636831;0.00883477
264000;0.642316;0.636831;0.00861373
265000;0.636996;0.636831;0.000260218
266000;0.658154;0.636831;0.033484
267000;0.624026;0.636831;0.0201075
268000;0.634067;0.636831;0.00433998
269000;0.600141;0.636831;0.0576123
270000;0.635738;0.636831;0.00171626
271000;0.641308;0.636831;0.00703114
272000;0.635716;0.636831;0.00175067
273000;0.619711;0.636831;0.0268819
274000;0.634446;0.636831;0.00374521
275000;0.645389;0.636831;0.0134386
276000;0.640187;0.636831;0.00527018
277000;0.636166;0.636831;0.00104358
278000;0.621257;0.636831;0.0244542
279000;0.629674;0.636831;0.0112385
280000;0.651495;0.636831;0.0230268
281000;0.630035;0.636831;0.010671
282000;0.637983;0.636831;0.00180971
283000;0.677512;0.636831;0.0638811
284000;0.633211;0.636831;0.00568345
285000;0.643818;0.636831;0.0109718
286000;0.636629;0.636831;0.000316004
287000;0.62528;0.636831;0.0181375
288000;0.640172;0.636831;0.00524638
289000;0.620301;0.636831;0.0259554
290000;0.653514;0.636831;0.0261979
291000;0.647819;0.636831;0.0172545
292000;0.640521;0.636831;0.00579429
293000;0.637538;0.636831;0.00111058
294000;0.638862;0.636831;0.0031902
295000;0.642553;0.636831;0.00898633
296000;0.622388;0.636831;0.0226784
297000;0.649254;0.636831;0.0195086
298000;0.626958;0.636831;0.0155027
299000;0.667039;0.636831;0.0474351
300000;0.62961;0.636831;0.0113382
301000;0.624843;0.636831;0.0188242
302000;0.651246;0.636831;0.0226361
303000;0.65028;0.636831;0.0211199
304000;0.642731;0.636831;0.00926525
305000;0.650362;0.636831;0.0212478
306000;0.637356;0.636831;0.000825066
307000;0.629094;0.636831;0.0121493
308000;0.658857;0.636831;0.0345882
309000;0.628928;0.636831;0.0124097
310000;0.635896;0.636831;0.00146793
311000;0.645447;0.636831;0.0135295
312000;0.60909;0.636831;0.0435611
313000;0.656902;0.636831;0.031517
314000;0.616294;0.636831;0.0322478
315000;0.638303;0.636831;0.0023117
316000;0.639699;0.636831;0.00450354
317000;0.627369;0.636831;0.0148575
318000;0.650402;0.636831;0.0213106
319000;0.655887;0.636831;0.0299237
320000;0.624164;0.636831;0.0198901
321000;0.619929;0.636831;0.0265406
322000;0.650986;0.636831;0.0222271
323000;0.654123;0.636831;0.0271535
324000;0.629403;0.636831;0.0116636
325000;0.614803;0.636831;0.0345891
326000;0.632352;0.636831;0.00703246
327000;0.650174;0.636831;0.0209528
328000;0.653505;0.636831;0.0261838
329000;0.635856;0.636831;0.00153083
330000;0.63569;0.636831;0.00179142
331000;0.641209;0.636831;0.00687581
332000;0.645618;0.636831;0.0137981
333000;0.649388;0.636831;0.0197186
334000;0.621296;0.636831;0.0243939
335000;0.649307;0.636831;0.0195906
336000;0.651983;0.636831;0.0237928
337000;0.652097;0.636831;0.023972
338000;0.62934;0.636831;0.0117623
339000;0.659255;0.636831;0.0352119
340000;0.651952;0.636831;0.0237448
341000;0.636685;0.636831;0.000228903
342000;0.64966;0.636831;0.0201456
343000;0.634531;0.636831;0.00361053
344000;0.640522;0.636831;0.00579636
345000;0.62261;0.636831;0.0223301
346000;0.627957;0.636831;0.013934
347000;0.623252;0.636831;0.0213226
348000;0.619719;0.636831;0.0268698
349000;0.642176;0.636831;0.0083943
350000;0.612286;0.636831;0.0385418
351000;0.617822;0.636831;0.0298487
352000;0.647483;0.636831;0.0167268
353000;0.630445;0.636831;0.0100276
354000;0.65047;0.636831;0.0214175
355000;0.619727;0.636831;0.0268572
356000;0.637313;0.636831;0.000757092
357000;0.631621;0.636831;0.00818071
358000;0.643938;0.636831;0.0111598
359000;0.613801;0.636831;0.0361627
360000;0.64378;0.636831;0.0109129
361000;0.628946;0.636831;0.0123816
362000;0.613367;0.636831;0.0368443
363000;0.637413;0.636831;0.000915218
364000;0.631524;0.636831;0.00833258
365000;0.638965;0.636831;0.00335128
366000;0.638474;0.636831;0.00257975
367000;0.644294;0.636831;0.0117199
368000;0.626486;0.636831;0.0162437
369000;0.639281;0.636831;0.0038484
370000;0.653793;0.636831;0.0266355
371000;0.611025;0.636831;0.0405215
372000;0.638196;0.636831;0.00214408
373000;0.65803;0.636831;0.0332895
374000;0.620722;0.636831;0.0252951
375000;0.648533;0.636831;0.0183757
376000;0.645114;0.636831;0.0130074
377000;0.642361;0.636831;0.00868487
378000;0.627312;0.636831;0.0149471
379000;0.629821;0.636831;0.0110071
380000;0.636247;0.636831;0.000916366
381000;0.620017;0.636831;0.0264017
382000;0.610137;0.636831;0.041917
383000;0.636922;0.636831;0.000142927
384000;0.636142;0.636831;0.00108209
385000;0.623907;0.636831;0.0202943
386000;0.627194;0.636831;0.0151328
387000;0.610045;0.636831;0.0420603
388000;0.627432;0.636831;0.0147585
389000;0.641041;0.636831;0.00661104
390000;0.614906;0.636831;0.034428
391000;0.640693;0.636831;0.00606493
392000;0.615159;0.636831;0.0340311
393000;0.642754;0.636831;0.00930154
394000;0.623577;0.636831;0.0208119
395000;0.644161;0.636831;0.0115102
396000;0.650279;0.636831;0.0211183
397000;0.637876;0.636831;0.00164225
398000;0.6324;0.636831;0.00695742
399000;0.637057;0.636831;0.000355657
400000;0.637461;0.636831;0.000990377
401000;0.647702;0.636831;0.0170714
402000;0.638431;0.636831;0.00251251
403000;0.645845;0.636831;0.0141554
404000;0.6437;0.636831;0.0107873
405000;0.617342;0.636831;0.0306019
406000;0.635903;0.636831;0.00145677
407000;0.643501;0.636831;0.0104744
408000;0.615121;0.636831;0.03409
409000;0.62915;0.636831;0.0120609
410000;0.636075;0.636831;0.0011867
411000;0.664715;0.636831;0.0437854
412000;0.636582;0.636831;0.000390427
413000;0.651619;0.636831;0.0232215
414000;0.647328;0.636831;0.0164831
415000;0.620036;0.636831;0.0263721
416000;0.644991;0.636831;0.0128145
417000;0.628529;0.636831;0.0130354
418000;0.657969;0.636831;0.0331937
419000;0.644289;0.636831;0.0117119
420000;0.640076;0.636831;0.00509608
421000;0.619888;0.636831;0.0266045
422000;0.639006;0.636831;0.00341516
423000;0.632941;0.636831;0.00610816
424000;0.637534;0.636831;0.00110407
425000;0.641056;0.636831;0.00663512
426000;0.619088;0.636831;0.0278616
427000;0.625644;0.636831;0.0175657
428000;0.658643;0.636831;0.0342511
429000;0.635758;0.636831;0.00168375
430000;0.630275;0.636831;0.0102947
431000;0.638219;0.636831;0.00217997
432000;0.660544;0.636831;0.0372363
433000;0.649339;0.636831;0.0196423
434000;0.651814;0.636831;0.0235287
435000;0.636075;0.636831;0.00118665
436000;0.632303;0.636831;0.00711004
437000;0.620725;0.636831;0.0252902
438000;0.630941;0.636831;0.00924878
439000;0.632361;0.636831;0.00701935
440000;0.627309;0.636831;0.0149518
441000;0.633488;0.636831;0.0052493
442000;0.627813;0.636831;0.0141605
443000;0.649403;0.636831;0.0197416
444000;0.6392;0.636831;0.00372009
445000;0.627376;0.636831;0.0148471
446000;0.634445;0.636831;0.0037457
447000;0.642321;0.636831;0.00862141
448000;0.633869;0.636831;0.00465097
449000;0.645796;0.636831;0.0140783
450000;0.635515;0.636831;0.00206672
451000;0.651591;0.636831;0.0231773
452000;0.649695;0.636831;0.0202003
453000;0.637027;0.636831;0.000309081
454000;0.643323;0.636831;0.0101953
455000;0.628843;0.636831;0.012542
456000;0.640055;0.636831;0.00506236
457000;0.645002;0.636831;0.0128305
458000;0.629188;0.636831;0.0120008
459000;0.641845;0.636831;0.0078739
460000;0.656661;0.636831;0.0311396
461000;0.652804;0.636831;0.0250829
462000;0.638952;0.636831;0.0033306
463000;0.633167;0.636831;0.00575325
464000;0.635313;0.636831;0.00238364
465000;0.630193;0.636831;0.0104233
466000;0.644743;0.636831;0.0124241
467000;0.634823;0.636831;0.00315284
468000;0.647479;0.636831;0.0167209
469000;0.63928;0.636831;0.003846
470000;0.642743;0.636831;0.00928393
471000;0.635685;0.636831;0.0017989
472000;0.654111;0.636831;0.0271354
473000;0.656164;0.636831;0.0303594
474000;0.638565;0.636831;0.00272344
475000;0.640401;0.636831;0.00560662
476000;0.634684;0.636831;0.00337026
477000;0.624361;0.636831;0.0195802
478000;0.633574;0.636831;0.00511458
479000;0.656605;0.636831;0.0310517
480000;0.618682;0.636831;0.0284977
481000;0.637944;0.636831;0.00174785
482000;0.638056;0.636831;0.00192467
483000;0.620568;0.636831;0.0255363
484000;0.633031;0.636831;0.00596668
485000;0.661264;0.636831;0.0383666
486000;0.653038;0.636831;0.0254499
487000;0.620625;0.636831;0.0254477
488000;0.630025;0.636831;0.0106874
489000;0.64053;0.636831;0.00580893
490000;0.645445;0.636831;0.0135271
491000;0.635201;0.636831;0.00255922
492000;0.623618;0.636831;0.0207472
493000;0.638708;0.636831;0.00294763
494000;0.622889;0.636831;0.0218927
495000;0.624179;0.636831;0.0198659
496000;0.644471;0.636831;0.0119977
497000;0.633903;0.636831;0.00459791
498000;0.639878;0.636831;0.00478505
499000;0.639944;0.636831;0.00488867
500000;0.623425;0.636831;0.0210506
501000;0.63933;0.636831;0.00392541
502000;0.638162;0.636831;0.00209079
503000;0.646165;0.636831;0.0146568
504000;0.623267;0.636831;0.0212981
505000;0.645087;0.636831;0.0129648
506000;0.627919;0.636831;0.013993
507000;0.658414;0.636831;0.0338913
508000;0.651917;0.636831;0.0236891
509000;0.631191;0.636831;0.00885543
510000;0.630851;0.636831;0.00938953
511000;0.637425;0.636831;0.000933714
512000;0.630403;0.636831;0.0100932
513000;0.627427;0.636831;0.0147656
514000;0.64864;0.636831;0.0185442
515000;0.655038;0.636831;0.0285911
516000;0.638433;0.636831;0.0025166
517000;0.613503;0.636831;0.0366311
518000;0.635731;0.636831;0.00172664
519000;0.628261;0.636831;0.0134566
520000;0.631795;0.636831;0.00790798
521000;0.626304;0.636831;0.01653
522000;0.625558;0.636831;0.0177017
523000;0.637858;0.636831;0.00161378
524000;0.641723;0.636831;0.00768286
525000;0.655643;0.636831;0.0295399
526000;0.616878;0.636831;0.0313311
527000;0.668384;0.636831;0.049548
528000;0.625099;0.636831;0.0184215
529000;0.633495;0.636831;0.00523789
530000;0.628898;0.636831;0.0124559
531000;0.637006;0.636831;0.000275691
532000;0.653449;0.636831;0.0260957
533000;0.642652;0.636831;0.00914065
534000;0.633191;0.636831;0.00571506
535000;0.631811;0.636831;0.00788294
536000;0.623714;0.636831;0.020597
537000;0.639913;0.636831;0.00483947
538000;0.640709;0.636831;0.00608983
539000;0.626962;0.636831;0.0154964
540000;0.624293;0.636831;0.0196871
541000;0.641893;0.636831;0.00794951
542000;0.651286;0.636831;0.0226985
543000;0.641335;0.636831;0.00707354
544000;0.63933;0.636831;0.00392451
545000;0.630135;0.636831;0.0105147
546000;0.633501;0.636831;0.00522809
547000;0.633988;0.636831;0.00446411
548000;0.616663;0.636831;0.0316686
549000;0.630785;0.636831;0.00949408
550000;0.636879;0.636831;7.51886e-05
551000;0.613887;0.636831;0.0360285
552000;0.637162;0.636831;0.00052095
553000;0.6418;0.636831;0.00780288
554000;0.645898;0.636831;0.0142386
555000;0.632853;0.636831;0.0062462
556000;0.631596;0.636831;0.00822049
557000;0.624994;0.636831;0.0185875
558000;0.652995;0.636831;0.0253825
559000;0.637998;0.636831;0.00183278
560000;0.638726;0.636831;0.00297697
561000;0.638861;0.636831;0.00318881
562000;0.646205;0.636831;0.0147196
563000;0.655857;0.636831;0.0298766
564000;0.642128;0.636831;0.00831773
565000;0.622604;0.636831;0.0223403
566000;0.61976;0.636831;0.0268059
567000;0.642052;0.636831;0.00819923
568000;0.625222;0.636831;0.0182288
569000;0.645105;0.636831;0.0129929
570000;0.634764;0.636831;0.00324531
571000;0.641166;0.636831;0.00680831
572000;0.653674;0.636831;0.0264488
573000;0.639707;0.636831;0.0045164
574000;0.620316;0.636831;0.0259319
575000;0.625898;0.636831;0.017168
576000;0.640422;0.636831;0.00563999
577000;0.644707;0.636831;0.0123684
578000;0.633528;0.636831;0.00518583
579000;0.634855;0.636831;0.00310229
580000;0.621768;0.636831;0.0236518
581000;0.629579;0.636831;0.0113875
582000;0.626659;0.636831;0.0159723
583000;0.63556;0.636831;0.00199571
584000;0.639992;0.636831;0.0049647
585000;0.633741;0.636831;0.00485229
586000;0.639616;0.636831;0.00437431
587000;0.654711;0.636831;0.0280764
588000;0.642586;0.636831;0.00903817
589000;0.634111;0.636831;0.00427052
590000;0.618941;0.636831;0.0280922
591000;0.635534;0.636831;0.00203605
592000;0.648035;0.636831;0.0175933
593000;0.629903;0.636831;0.010879
594000;0.638399;0.636831;0.00246345
595000;0.631412;0.636831;0.00850942
596000;0.632472;0.636831;0.00684385
597000;0.615312;0.636831;0.0337907
598000;0.635011;0.636831;0.00285735
599000;0.62847;0.636831;0.0131282
600000;0.638082;0.636831;0.0019652
601000;0.632436;0.636831;0.00690031
602000;0.627147;0.636831;0.0152054
603000;0.637287;0.636831;0.000716995
604000;0.635401;0.636831;0.00224501
605000;0.626074;0.636831;0.0168908
606000;0.620437;0.636831;0.0257429
607000;0.653649;0.636831;0.0264091
608000;0.648753;0.636831;0.0187207
609000;0.62654;0.636831;0.0161597
610000;0.638598;0.636831;0.00277446
611000;0.632534;0.636831;0.00674663
612000;0.636555;0.636831;0.000433567
613000;0.653034;0.636831;0.0254442
614000;0.632319;0.636831;0.0070845
615000;0.635522;0.636831;0.00205418
616000;0.63626;0.636831;0.000896351
617000;0.621276;0.636831;0.0244251
618000;0.626744;0.636831;0.0158391
619000;0.648699;0.636831;0.0186362
620000;0.650949;0.636831;0.02217
621000;0.645436;0.636831;0.0135135
622000;0.624392;0.636831;0.0195317
623000;0.629911;0.636831;0.0108654
624000;0.640339;0.636831;0.00550894
625000;0.617483;0.636831;0.0303818
626000;0.622175;0.636831;0.0230132
627000;0.62756;0.636831;0.0145576
628000;0.636231;0.636831;0.000942376
629000;0.634604;0.636831;0.00349653
630000;0.643219;0.636831;0.0100321
631000;0.638845;0.636831;0.00316248
632000;0.634787;0.636831;0.00320897
633000;0.62663;0.636831;0.0160186
634000;0.632307;0.636831;0.00710387
635000;0.640971;0.636831;0.0065017
636000;0.647248;0.636831;0.0163582
637000;0.646705;0.636831;0.0155062
638000;0.637549;0.636831;0.00112845
639000;0.657802;0.636831;0.0329306
640000;0.644858;0.636831;0.0126057
641000;0.640981;0.636831;0.00651768
642000;0.642815;0.636831;0.00939637
643000;0.635356;0.636831;0.00231622
644000;0.637887;0.636831;0.00165914
645000;0.644822;0.636831;0.0125483
646000;0.627845;0.636831;0.0141097
647000;0.635151;0.636831;0.00263673
648000;0.64592;0.636831;0.0142721
649000;0.636368;0.636831;0.000725723
650000;0.648172;0.636831;0.0178095
651000;0.641789;0.636831;0.00778529
652000;0.632041;0.636831;0.0075217
653000;0.64895;0.636831;0.0190305
654000;0.644449;0.636831;0.0119635
655000;0.637367;0.636831;0.000842657
656000;0.63133;0.636831;0.00863759
657000;0.643309;0.636831;0.010173
658000;0.633112;0.636831;0.00583946
659000;0.63478;0.636831;0.00321951
660000;0.628249;0.636831;0.0134748
661000;0.627578;0.636831;0.0145294
662000;0.628378;0.636831;0.0132737
663000;0.639225;0.636831;0.00375934
664000;0.646722;0.636831;0.0155326
665000;0.632854;0.636831;0.0062446
666000;0.62484;0.636831;0.0188282
667000;0.62712;0.636831;0.0152484
668000;0.639993;0.636831;0.00496648
669000;0.642548;0.636831;0.00897761
670000;0.645441;0.636831;0.0135209
671000;0.631529;0.636831;0.00832549
672000;0.638169;0.636831;0.00210138
673000;0.650327;0.636831;0.0211924
674000;0.636214;0.636831;0.000967793
675000;0.639321;0.636831;0.00391103
676000;0.629025;0.636831;0.0122576
677000;0.652742;0.636831;0.0249858
678000;0.634261;0.636831;0.0040351
679000;0.631247;0.636831;0.00876712
680000;0.632545;0.636831;0.00672957
681000;0.62284;0.636831;0.0219696
682000;0.637012;0.636831;0.000285382
683000;0.631115;0.636831;0.00897507
684000;0.645176;0.636831;0.0131048
685000;0.635349;0.636831;0.0023266
686000;0.640121;0.636831;0.00516706
687000;0.647774;0.636831;0.0171847
688000;0.642609;0.636831;0.00907401
689000;0.63007;0.636831;0.0106163
690000;0.627982;0.636831;0.0138956
691000;0.627997;0.636831;0.0138719
692000;0.630385;0.636831;0.0101214
693000;0.643619;0.636831;0.0106597
694000;0.629773;0.636831;0.011082
695000;0.649872;0.636831;0.0204788
696000;0.636562;0.636831;0.00042112
697000;0.63146;0.636831;0.00843349
698000;0.62265;0.636831;0.0222678
699000;0.626874;0.636831;0.0156348
700000;0.625606;0.636831;0.0176261
701000;0.625832;0.636831;0.0172715
702000;0.638031;0.636831;0.0018852
703000;0.618935;0.636831;0.0281011
704000;0.631943;0.636831;0.00767469
705000;0.628841;0.636831;0.0125459
706000;0.632222;0.636831;0.00723708
707000;0.637336;0.636831;0.000793461
708000;0.639728;0.636831;0.00454966
709000;0.634831;0.636831;0.00314012
710000;0.626338;0.636831;0.0164763
711000;0.633294;0.636831;0.00555414
712000;0.648026;0.636831;0.0175798
713000;0.632926;0.636831;0.00613176
714000;0.642184;0.636831;0.0084056
715000;0.643452;0.636831;0.0103968
716000;0.636623;0.636831;0.000325678
717000;0.624661;0.636831;0.0191103
718000;0.63573;0.636831;0.00172903
719000;0.652763;0.636831;0.0250183
720000;0.630623;0.636831;0.00974765
721000;0.624281;0.636831;0.0197068
722000;0.634596;0.636831;0.0035087
723000;0.638818;0.636831;0.00312019
724000;0.656425;0.636831;0.0307683
725000;0.620556;0.636831;0.025555
726000;0.643365;0.636831;0.0102601
727000;0.630613;0.636831;0.00976351
728000;0.641395;0.636831;0.00716795
729000;0.643341;0.636831;0.0102223
730000;0.640196;0.636831;0.00528459
731000;0.64364;0.636831;0.0106923
732000;0.650195;0.636831;0.0209858
733000;0.626726;0.636831;0.015867
734000;0.642882;0.636831;0.00950278
735000;0.643228;0.636831;0.0100453
736000;0.636197;0.636831;0.000994248
737000;0.63788;0.636831;0.00164745
738000;0.627742;0.636831;0.0142709
739000;0.626081;0.636831;0.0168796
740000;0.641061;0.636831;0.00664319
741000;0.640542;0.636831;0.00582862
742000;0.640464;0.636831;0.00570471
743000;0.64166;0.636831;0.00758362
744000;0.63411;0.636831;0.00427289
745000;0.64055;0.636831;0.00584014
746000;0.630913;0.636831;0.00929286
747000;0.631199;0.636831;0.00884333
748000;0.623987;0.636831;0.020168
749000;0.654191;0.636831;0.0272603
750000;0.630643;0.636831;0.00971656
751000;0.644183;0.636831;0.0115457
752000;0.626933;0.636831;0.0155426
753000;0.636549;0.636831;0.000442551
754000;0.639152;0.636831;0.00364535
755000;0.638653;0.636831;0.00286128
756000;0.647982;0.636831;0.0175114
757000;0.640439;0.636831;0.00566543
758000;0.64352;0.636831;0.0105041
759000;0.620142;0.636831;0.0262059
760000;0.637349;0.636831;0.000814146
761000;0.653742;0.636831;0.0265552
762000;0.627314;0.636831;0.014943
763000;0.633346;0.636831;0.00547187
764000;0.634595;0.636831;0.00351039
765000;0.637734;0.636831;0.00141779
766000;0.641503;0.636831;0.00733686
767000;0.616777;0.636831;0.0314902
768000;0.636916;0.636831;0.000134104
769000;0.629377;0.636831;0.0117041
770000;0.628013;0.636831;0.0138458
771000;0.627576;0.636831;0.0145326
772000;0.635292;0.636831;0.00241566
773000;0.649312;0.636831;0.0195997
774000;0.628047;0.636831;0.0137931
775000;0.634301;0.636831;0.00397183
776000;0.646919;0.636831;0.015842
777000;0.637064;0.636831;0.000366456
778000;0.632718;0.636831;0.00645872
779000;0.631703;0.636831;0.00805167
780000;0.647153;0.636831;0.0162087
781000;0.628813;0.636831;0.0125905
782000;0.643603;0.636831;0.0106341
783000;0.635933;0.636831;0.00141015
784000;0.645274;0.636831;0.0132584
785000;0.62581;0.636831;0.0173048
786000;0.629791;0.636831;0.0110548
787000;0.623555;0.636831;0.020847
788000;0.630964;0.636831;0.00921186
789000;0.644081;0.636831;0.0113852
790000;0.624372;0.636831;0.0195642
791000;0.633065;0.636831;0.00591366
792000;0.634958;0.636831;0.0029403
793000;0.627681;0.636831;0.0143671
794000;0.633813;0.636831;0.00473795
795000;0.656858;0.636831;0.0314484
796000;0.638729;0.636831;0.00298103
797000;0.633564;0.636831;0.0051291
798000;0.62614;0.636831;0.0167873
799000;0.633807;0.636831;0.00474854
800000;0.644709;0.636831;0.0123715
801000;0.65898;0.636831;0.0347811
802000;0.641274;0.636831;0.00697676
803000;0.62888;0.636831;0.0124842
804000;0.636636;0.636831;0.000306049
805000;0.633154;0.636831;0.00577374
806000;0.649847;0.636831;0.0204394
807000;0.636801;0.636831;4.57896e-05
808000;0.631288;0.636831;0.00870403
809000;0.638513;0.636831;0.00264167
810000;0.647528;0.636831;0.0167974
811000;0.652718;0.636831;0.0249474
812000;0.646663;0.636831;0.0154397
813000;0.616475;0.636831;0.0319647
814000;0.640447;0.636831;0.00567918
815000;0.634286;0.636831;0.00399512
816000;0.638494;0.636831;0.00261253
817000;0.641376;0.636831;0.0071381
818000;0.639136;0.636831;0.00362
819000;0.631701;0.636831;0.00805434
820000;0.631691;0.636831;0.00807026
821000;0.645384;0.636831;0.0134307
822000;0.623703;0.636831;0.0206147
823000;0.635835;0.636831;0.00156273
824000;0.642149;0.636831;0.00835177
825000;0.620856;0.636831;0.0250839
826000;0.628732;0.636831;0.0127179
827000;0.634401;0.636831;0.00381524
828000;0.63945;0.636831;0.00411302
829000;0.643164;0.636831;0.00994494
830000;0.63421;0.636831;0.00411575
831000;0.627735;0.636831;0.0142831
832000;0.638592;0.636831;0.00276586
833000;0.634274;0.636831;0.00401457
834000;0.627669;0.636831;0.0143867
835000;0.637233;0.636831;0.000631775
836000;0.646176;0.636831;0.0146753
837000;0.628364;0.636831;0.0132954
838000;0.637784;0.636831;0.00149663
839000;0.643375;0.636831;0.0102765
840000;0.640701;0.636831;0.00607734
841000;0.637776;0.636831;0.00148452
842000;0.655703;0.636831;0.0296348
843000;0.65128;0.636831;0.0226897
844000;0.631527;0.636831;0.00832861
845000;0.64168;0.636831;0.0076156
846000;0.644095;0.636831;0.0114073
847000;0.639896;0.636831;0.00481316
848000;0.651549;0.636831;0.0231124
849000;0.644635;0.636831;0.0122542
850000;0.646476;0.636831;0.0151463
851000;0.637613;0.636831;0.00122772
852000;0.635961;0.636831;0.00136565
853000;0.626129;0.636831;0.016805
854000;0.629268;0.636831;0.011875
855000;0.6325;0.636831;0.00679975
856000;0.634529;0.636831;0.0036141
857000;0.624046;0.636831;0.0200754
858000;0.630654;0.636831;0.00969884
859000;0.638151;0.636831;0.00207384
860000;0.631418;0.636831;0.00849874
861000;0.615803;0.636831;0.0330189
862000;0.64359;0.636831;0.0106137
863000;0.634687;0.636831;0.00336571
864000;0.633849;0.636831;0.00468177
865000;0.639327;0.636831;0.00392021
866000;0.640638;0.636831;0.00597886
867000;0.642032;0.636831;0.00816818
868000;0.642349;0.636831;0.00866527
869000;0.652635;0.636831;0.0248179
870000;0.629318;0.636831;0.0117977
871000;0.632845;0.636831;0.0062591
872000;0.636478;0.636831;0.000552996
873000;0.631768;0.636831;0.00795
874000;0.639555;0.636831;0.00427861
875000;0.654753;0.636831;0.0281423
876000;0.638396;0.636831;0.00245821
877000;0.648273;0.636831;0.0179678
878000;0.64759;0.636831;0.0168949
879000;0.636264;0.636831;0.000890554
880000;0.634963;0.636831;0.00293206
881000;0.647756;0.636831;0.0171559
882000;0.644972;0.636831;0.0127839
883000;0.612254;0.636831;0.0385919
884000;0.649612;0.636831;0.0200706
885000;0.642317;0.636831;0.00861435
886000;0.645596;0.636831;0.0137639
887000;0.634806;0.636831;0.00317974
888000;0.629655;0.636831;0.0112679
889000;0.636734;0.636831;0.000152079
890000;0.637066;0.636831;0.000369667
891000;0.638655;0.636831;0.00286452
892000;0.630535;0.636831;0.00988537
893000;0.64367;0.636831;0.0107404
894000;0.640726;0.636831;0.00611732
895000;0.654153;0.636831;0.0272003
896000;0.638521;0.636831;0.00265376
897000;0.637956;0.636831;0.00176776
898000;0.643437;0.636831;0.010374
899000;0.632677;0.636831;0.00652291
900000;0.637011;0.636831;0.000283111
901000;0.630825;0.636831;0.00943023
902000;0.63828;0.636831;0.00227585
903000;0.635914;0.636831;0.00143887
904000;0.632216;0.636831;0.00724655
905000;0.633628;0.636831;0.00502866
906000;0.64304;0.636831;0.0097501
907000;0.629664;0.636831;0.0112534
908000;0.629269;0.636831;0.0118738
909000;0.642596;0.636831;0.00905273
910000;0.650621;0.636831;0.0216546
911000;0.627674;0.636831;0.0143789
912000;0.618554;0.636831;0.0286989
913000;0.643388;0.636831;0.0102969
914000;0.643454;0.636831;0.0104012
915000;0.635631;0.636831;0.00188326
916000;0.633383;0.636831;0.00541362
917000;0.641029;0.636831;0.00659192
918000;0.641928;0.636831;0.008005
919000;0.632751;0.636831;0.00640614
920000;0.638182;0.636831;0.00212261
921000;0.625675;0.636831;0.0175181
922000;0.620765;0.636831;0.0252272
923000;0.634425;0.636831;0.00377771
924000;0.63633;0.636831;0.000786554
925000;0.614461;0.636831;0.0351265
926000;0.631608;0.636831;0.00820059
927000;0.627583;0.636831;0.014521
928000;0.633388;0.636831;0.0054053
929000;0.629526;0.636831;0.0114702
930000;0.638531;0.636831;0.00266977
931000;0.63911;0.636831;0.00357934
932000;0.63935;0.636831;0.00395594
933000;0.645427;0.636831;0.0134991
934000;0.62115;0.636831;0.0246226
935000;0.625498;0.636831;0.0177955
936000;0.643399;0.636831;0.0103136
937000;0.631897;0.636831;0.00774791
938000;0.626769;0.636831;0.0157989
939000;0.649407;0.636831;0.0197491
940000;0.638323;0.636831;0.00234333
941000;0.63296;0.636831;0.00607728
942000;0.641425;0.636831;0.00721375
943000;0.643596;0.636831;0.010624
944000;0.630495;0.636831;0.00994804
945000;0.63379;0.636831;0.00477397
946000;0.631851;0.636831;0.00781881
947000;0.639647;0.636831;0.00442294
948000;0.623213;0.636831;0.0213832
949000;0.64197;0.636831;0.00806948
950000;0.633366;0.636831;0.00543995
951000;0.632495;0.636831;0.00680824
952000;0.637272;0.636831;0.000693138
953000;0.640294;0.636831;0.00543912
954000;0.64712;0.636831;0.0161563
955000;0.636367;0.636831;0.000728279
956000;0.642393;0.636831;0.00873401
957000;0.635639;0.636831;0.00187055
958000;0.637513;0.636831;0.00107224
959000;0.631546;0.636831;0.0082986
960000;0.634872;0.636831;0.00307523
961000;0.641872;0.636831;0.00791646
962000;0.638166;0.636831;0.00209657
963000;0.642133;0.636831;0.00832602
964000;0.644078;0.636831;0.0113809
965000;0.622575;0.636831;0.0223857
966000;0.62411;0.636831;0.0199743
967000;0.634476;0.636831;0.0036975
968000;0.639509;0.636831;0.00420553
969000;0.637887;0.636831;0.00165923
970000;0.625259;0.636831;0.0181707
971000;0.644979;0.636831;0.0127958
972000;0.634628;0.636831;0.00345851
973000;0.644789;0.636831;0.012497
974000;0.631018;0.636831;0.00912692
975000;0.630832;0.636831;0.00941918
976000;0.641768;0.636831;0.00775338
977000;0.629504;0.636831;0.0115048
978000;0.632638;0.636831;0.00658313
979000;0.63507;0.636831;0.00276414
980000;0.639324;0.636831;0.00391577
981000;0.637979;0.636831;0.00180365
982000;0.64238;0.636831;0.00871409
983000;0.64945;0.636831;0.019816
984000;0.630707;0.636831;0.00961655
985000;0.637324;0.636831;0.000774776
986000;0.645997;0.636831;0.0143943
987000;0.644649;0.636831;0.0122769
988000;0.630731;0.636831;0.0095788
989000;0.638901;0.636831;0.00325097
990000;0.635447;0.636831;0.0021724
991000;0.634891;0.636831;0.00304622
992000;0.629378;0.636831;0.0117028
993000;0.638038;0.636831;0.00189626
994000;0.635112;0.636831;0.00269906
995000;0.651639;0.636831;0.0232528
996000;0.630237;0.636831;0.0103534
997000;0.644211;0.636831;0.0115894
998000;0.64433;0.636831;0.0117761
999000;0.634007;0.636831;0.00443387
1000000;0.638862;0.636831;0.00319032
