nSimulations;MC_Price_Control_Variate;Relative_Error
1000;9.9409;0.0487706
2000;9.9409;0.0487706
3000;9.9409;0.0487706
4000;9.9409;0.0487706
5000;9.9409;0.0487706
6000;9.9409;0.0487706
7000;9.9409;0.0487706
8000;9.9409;0.0487706
9000;9.9409;0.0487706
10000;9.9409;0.0487706
11000;9.9409;0.0487706
12000;9.9409;0.0487706
13000;9.9409;0.0487706
14000;9.9409;0.0487706
15000;9.9409;0.0487706
16000;9.9409;0.0487706
17000;9.9409;0.0487706
18000;9.9409;0.0487706
19000;9.9409;0.0487706
20000;9.9409;0.0487706
21000;9.9409;0.0487706
22000;9.9409;0.0487706
23000;9.9409;0.0487706
24000;9.9409;0.0487706
25000;9.9409;0.0487706
26000;9.9409;0.0487706
27000;9.9409;0.0487706
28000;9.9409;0.0487706
29000;9.9409;0.0487706
30000;9.9409;0.0487706
31000;9.9409;0.0487706
32000;9.9409;0.0487706
33000;9.9409;0.0487706
34000;9.9409;0.0487706
35000;9.9409;0.0487706
36000;9.9409;0.0487706
37000;9.9409;0.0487706
38000;9.9409;0.0487706
39000;9.9409;0.0487706
40000;9.9409;0.0487706
41000;9.9409;0.0487706
42000;9.9409;0.0487706
43000;9.9409;0.0487706
44000;9.9409;0.0487706
45000;9.9409;0.0487706
46000;9.9409;0.0487706
47000;9.9409;0.0487706
48000;9.9409;0.0487706
49000;9.9409;0.0487706
50000;9.9409;0.0487706
51000;9.9409;0.0487706
52000;9.9409;0.0487706
53000;9.9409;0.0487706
54000;9.9409;0.0487706
55000;9.9409;0.0487706
56000;9.9409;0.0487706
57000;9.9409;0.0487706
58000;9.9409;0.0487706
59000;9.9409;0.0487706
60000;9.9409;0.0487706
61000;9.9409;0.0487706
62000;9.9409;0.0487706
63000;9.9409;0.0487706
64000;9.9409;0.0487706
65000;9.9409;0.0487706
66000;9.9409;0.0487706
67000;9.9409;0.0487706
68000;9.9409;0.0487706
69000;9.9409;0.0487706
70000;9.9409;0.0487706
71000;9.9409;0.0487706
72000;9.9409;0.0487706
73000;9.9409;0.0487706
74000;9.9409;0.0487706
75000;9.9409;0.0487706
76000;9.9409;0.0487706
77000;9.9409;0.0487706
78000;9.9409;0.0487706
79000;9.9409;0.0487706
80000;9.9409;0.0487706
81000;9.9409;0.0487706
82000;9.9409;0.0487706
83000;9.9409;0.0487706
84000;9.9409;0.0487706
85000;9.9409;0.0487706
86000;9.9409;0.0487706
87000;9.9409;0.0487706
88000;9.9409;0.0487706
89000;9.9409;0.0487706
90000;9.9409;0.0487706
91000;9.9409;0.0487706
92000;9.9409;0.0487706
93000;9.9409;0.0487706
94000;9.9409;0.0487706
95000;9.9409;0.0487706
96000;9.9409;0.0487706
97000;9.9409;0.0487706
98000;9.9409;0.0487706
99000;9.9409;0.0487706
100000;9.9409;0.0487706
101000;9.9409;0.0487706
102000;9.9409;0.0487706
103000;9.9409;0.0487706
104000;9.9409;0.0487706
105000;9.9409;0.0487706
106000;9.9409;0.0487706
107000;9.9409;0.0487706
108000;9.9409;0.0487706
109000;9.9409;0.0487706
110000;9.9409;0.0487706
111000;9.9409;0.0487706
112000;9.9409;0.0487706
113000;9.9409;0.0487706
114000;9.9409;0.0487706
115000;9.9409;0.0487706
116000;9.9409;0.0487706
117000;9.9409;0.0487706
118000;9.9409;0.0487706
119000;9.9409;0.0487706
120000;9.9409;0.0487706
121000;9.9409;0.0487706
122000;9.9409;0.0487706
123000;9.9409;0.0487706
124000;9.9409;0.0487706
125000;9.9409;0.0487706
126000;9.9409;0.0487706
127000;9.9409;0.0487706
128000;9.9409;0.0487706
129000;9.9409;0.0487706
130000;9.9409;0.0487706
131000;9.9409;0.0487706
132000;9.9409;0.0487706
133000;9.9409;0.0487706
134000;9.9409;0.0487706
135000;9.9409;0.0487706
136000;9.9409;0.0487706
137000;9.9409;0.0487706
138000;9.9409;0.0487706
139000;9.9409;0.0487706
140000;9.9409;0.0487706
141000;9.9409;0.0487706
142000;9.9409;0.0487706
143000;9.9409;0.0487706
144000;9.9409;0.0487706
145000;9.9409;0.0487706
146000;9.9409;0.0487706
147000;9.9409;0.0487706
148000;9.9409;0.0487706
149000;9.9409;0.0487706
150000;9.9409;0.0487706
151000;9.9409;0.0487706
152000;9.9409;0.0487706
153000;9.9409;0.0487706
154000;9.9409;0.0487706
155000;9.9409;0.0487706
156000;9.9409;0.0487706
157000;9.9409;0.0487706
158000;9.9409;0.0487706
159000;9.9409;0.0487706
160000;9.9409;0.0487706
161000;9.9409;0.0487706
162000;9.9409;0.0487706
163000;9.9409;0.0487706
164000;9.9409;0.0487706
165000;9.9409;0.0487706
166000;9.9409;0.0487706
167000;9.9409;0.0487706
168000;9.9409;0.0487706
169000;9.9409;0.0487706
170000;9.9409;0.0487706
171000;9.9409;0.0487706
172000;9.9409;0.0487706
173000;9.9409;0.0487706
174000;9.9409;0.0487706
175000;9.9409;0.0487706
176000;9.9409;0.0487706
177000;9.9409;0.0487706
178000;9.9409;0.0487706
179000;9.9409;0.0487706
180000;9.9409;0.0487706
181000;9.9409;0.0487706
182000;9.9409;0.0487706
183000;9.9409;0.0487706
184000;9.9409;0.0487706
185000;9.9409;0.0487706
186000;9.9409;0.0487706
187000;9.9409;0.0487706
188000;9.9409;0.0487706
189000;9.9409;0.0487706
190000;9.9409;0.0487706
191000;9.9409;0.0487706
192000;9.9409;0.0487706
193000;9.9409;0.0487706
194000;9.9409;0.0487706
195000;9.9409;0.0487706
196000;9.9409;0.0487706
197000;9.9409;0.0487706
198000;9.9409;0.0487706
199000;9.9409;0.0487706
200000;9.9409;0.0487706
201000;9.9409;0.0487706
202000;9.9409;0.0487706
203000;9.9409;0.0487706
204000;9.9409;0.0487706
205000;9.9409;0.0487706
206000;9.9409;0.0487706
207000;9.9409;0.0487706
208000;9.9409;0.0487706
209000;9.9409;0.0487706
210000;9.9409;0.0487706
211000;9.9409;0.0487706
212000;9.9409;0.0487706
213000;9.9409;0.0487706
214000;9.9409;0.0487706
215000;9.9409;0.0487706
216000;9.9409;0.0487706
217000;9.9409;0.0487706
218000;9.9409;0.0487706
219000;9.9409;0.0487706
220000;9.9409;0.0487706
221000;9.9409;0.0487706
222000;9.9409;0.0487706
223000;9.9409;0.0487706
224000;9.9409;0.0487706
225000;9.9409;0.0487706
226000;9.9409;0.0487706
227000;9.9409;0.0487706
228000;9.9409;0.0487706
229000;9.9409;0.0487706
230000;9.9409;0.0487706
231000;9.9409;0.0487706
232000;9.9409;0.0487706
233000;9.9409;0.0487706
234000;9.9409;0.0487706
235000;9.9409;0.0487706
236000;9.9409;0.0487706
237000;9.9409;0.0487706
238000;9.9409;0.0487706
239000;9.9409;0.0487706
240000;9.9409;0.0487706
241000;9.9409;0.0487706
242000;9.9409;0.0487706
243000;9.9409;0.0487706
244000;9.9409;0.0487706
245000;9.9409;0.0487706
246000;9.9409;0.0487706
247000;9.9409;0.0487706
248000;9.9409;0.0487706
249000;9.9409;0.0487706
250000;9.9409;0.0487706
251000;9.9409;0.0487706
252000;9.9409;0.0487706
253000;9.9409;0.0487706
254000;9.9409;0.0487706
255000;9.9409;0.0487706
256000;9.9409;0.0487706
257000;9.9409;0.0487706
258000;9.9409;0.0487706
259000;9.9409;0.0487706
260000;9.9409;0.0487706
261000;9.9409;0.0487706
262000;9.9409;0.0487706
263000;9.9409;0.0487706
264000;9.9409;0.0487706
265000;9.9409;0.0487706
266000;9.9409;0.0487706
267000;9.9409;0.0487706
268000;9.9409;0.0487706
269000;9.9409;0.0487706
270000;9.9409;0.0487706
271000;9.9409;0.0487706
272000;9.9409;0.0487706
273000;9.9409;0.0487706
274000;9.9409;0.0487706
275000;9.9409;0.0487706
276000;9.9409;0.0487706
277000;9.9409;0.0487706
278000;9.9409;0.0487706
279000;9.9409;0.0487706
280000;9.9409;0.0487706
281000;9.9409;0.0487706
282000;9.9409;0.0487706
283000;9.9409;0.0487706
284000;9.9409;0.0487706
285000;9.9409;0.0487706
286000;9.9409;0.0487706
287000;9.9409;0.0487706
288000;9.9409;0.0487706
289000;9.9409;0.0487706
290000;9.9409;0.0487706
291000;9.9409;0.0487706
292000;9.9409;0.0487706
293000;9.9409;0.0487706
294000;9.9409;0.0487706
295000;9.9409;0.0487706
296000;9.9409;0.0487706
297000;9.9409;0.0487706
298000;9.9409;0.0487706
299000;9.9409;0.0487706
300000;9.9409;0.0487706
301000;9.9409;0.0487706
302000;9.9409;0.0487706
303000;9.9409;0.0487706
304000;9.9409;0.0487706
305000;9.9409;0.0487706
306000;9.9409;0.0487706
307000;9.9409;0.0487706
308000;9.9409;0.0487706
309000;9.9409;0.0487706
310000;9.9409;0.0487706
311000;9.9409;0.0487706
312000;9.9409;0.0487706
313000;9.9409;0.0487706
314000;9.9409;0.0487706
315000;9.9409;0.0487706
316000;9.9409;0.0487706
317000;9.9409;0.0487706
318000;9.9409;0.0487706
319000;9.9409;0.0487706
320000;9.9409;0.0487706
321000;9.9409;0.0487706
322000;9.9409;0.0487706
323000;9.9409;0.0487706
324000;9.9409;0.0487706
325000;9.9409;0.0487706
326000;9.9409;0.0487706
327000;9.9409;0.0487706
328000;9.9409;0.0487706
329000;9.9409;0.0487706
330000;9.9409;0.0487706
331000;9.9409;0.0487706
332000;9.9409;0.0487706
333000;9.9409;0.0487706
334000;9.9409;0.0487706
335000;9.9409;0.0487706
336000;9.9409;0.0487706
337000;9.9409;0.0487706
338000;9.9409;0.0487706
339000;9.9409;0.0487706
340000;9.9409;0.0487706
341000;9.9409;0.0487706
342000;9.9409;0.0487706
343000;9.9409;0.0487706
344000;9.9409;0.0487706
345000;9.9409;0.0487706
346000;9.9409;0.0487706
347000;9.9409;0.0487706
348000;9.9409;0.0487706
349000;9.9409;0.0487706
350000;9.9409;0.0487706
351000;9.9409;0.0487706
352000;9.9409;0.0487706
353000;9.9409;0.0487706
354000;9.9409;0.0487706
355000;9.9409;0.0487706
356000;9.9409;0.0487706
357000;9.9409;0.0487706
358000;9.9409;0.0487706
359000;9.9409;0.0487706
360000;9.9409;0.0487706
361000;9.9409;0.0487706
362000;9.9409;0.0487706
363000;9.9409;0.0487706
364000;9.9409;0.0487706
365000;9.9409;0.0487706
366000;9.9409;0.0487706
367000;9.9409;0.0487706
368000;9.9409;0.0487706
369000;9.9409;0.0487706
370000;9.9409;0.0487706
371000;9.9409;0.0487706
372000;9.9409;0.0487706
373000;9.9409;0.0487706
374000;9.9409;0.0487706
375000;9.9409;0.0487706
376000;9.9409;0.0487706
377000;9.9409;0.0487706
378000;9.9409;0.0487706
379000;9.9409;0.0487706
380000;9.9409;0.0487706
381000;9.9409;0.0487706
382000;9.9409;0.0487706
383000;9.9409;0.0487706
384000;9.9409;0.0487706
385000;9.9409;0.0487706
386000;9.9409;0.0487706
387000;9.9409;0.0487706
388000;9.9409;0.0487706
389000;9.9409;0.0487706
390000;9.9409;0.0487706
391000;9.9409;0.0487706
392000;9.9409;0.0487706
393000;9.9409;0.0487706
394000;9.9409;0.0487706
395000;9.9409;0.0487706
396000;9.9409;0.0487706
397000;9.9409;0.0487706
398000;9.9409;0.0487706
399000;9.9409;0.0487706
400000;9.9409;0.0487706
401000;9.9409;0.0487706
402000;9.9409;0.0487706
403000;9.9409;0.0487706
404000;9.9409;0.0487706
405000;9.9409;0.0487706
406000;9.9409;0.0487706
407000;9.9409;0.0487706
408000;9.9409;0.0487706
409000;9.9409;0.0487706
410000;9.9409;0.0487706
411000;9.9409;0.0487706
412000;9.9409;0.0487706
413000;9.9409;0.0487706
414000;9.9409;0.0487706
415000;9.9409;0.0487706
416000;9.9409;0.0487706
417000;9.9409;0.0487706
418000;9.9409;0.0487706
419000;9.9409;0.0487706
420000;9.9409;0.0487706
421000;9.9409;0.0487706
422000;9.9409;0.0487706
423000;9.9409;0.0487706
424000;9.9409;0.0487706
425000;9.9409;0.0487706
426000;9.9409;0.0487706
427000;9.9409;0.0487706
428000;9.9409;0.0487706
429000;9.9409;0.0487706
430000;9.9409;0.0487706
431000;9.9409;0.0487706
432000;9.9409;0.0487706
433000;9.9409;0.0487706
434000;9.9409;0.0487706
435000;9.9409;0.0487706
436000;9.9409;0.0487706
437000;9.9409;0.0487706
438000;9.9409;0.0487706
439000;9.9409;0.0487706
440000;9.9409;0.0487706
441000;9.9409;0.0487706
442000;9.9409;0.0487706
443000;9.9409;0.0487706
444000;9.9409;0.0487706
445000;9.9409;0.0487706
446000;9.9409;0.0487706
447000;9.9409;0.0487706
448000;9.9409;0.0487706
449000;9.9409;0.0487706
450000;9.9409;0.0487706
451000;9.9409;0.0487706
452000;9.9409;0.0487706
453000;9.9409;0.0487706
454000;9.9409;0.0487706
455000;9.9409;0.0487706
456000;9.9409;0.0487706
457000;9.9409;0.0487706
458000;9.9409;0.0487706
459000;9.9409;0.0487706
460000;9.9409;0.0487706
461000;9.9409;0.0487706
462000;9.9409;0.0487706
463000;9.9409;0.0487706
464000;9.9409;0.0487706
465000;9.9409;0.0487706
466000;9.9409;0.0487706
467000;9.9409;0.0487706
468000;9.9409;0.0487706
469000;9.9409;0.0487706
470000;9.9409;0.0487706
471000;9.9409;0.0487706
472000;9.9409;0.0487706
473000;9.9409;0.0487706
474000;9.9409;0.0487706
475000;9.9409;0.0487706
476000;9.9409;0.0487706
477000;9.9409;0.0487706
478000;9.9409;0.0487706
479000;9.9409;0.0487706
480000;9.9409;0.0487706
481000;9.9409;0.0487706
482000;9.9409;0.0487706
483000;9.9409;0.0487706
484000;9.9409;0.0487706
485000;9.9409;0.0487706
486000;9.9409;0.0487706
487000;9.9409;0.0487706
488000;9.9409;0.0487706
489000;9.9409;0.0487706
490000;9.9409;0.0487706
491000;9.9409;0.0487706
492000;9.9409;0.0487706
493000;9.9409;0.0487706
494000;9.9409;0.0487706
495000;9.9409;0.0487706
496000;9.9409;0.0487706
497000;9.9409;0.0487706
498000;9.9409;0.0487706
499000;9.9409;0.0487706
500000;9.9409;0.0487706
501000;9.9409;0.0487706
502000;9.9409;0.0487706
503000;9.9409;0.0487706
504000;9.9409;0.0487706
505000;9.9409;0.0487706
506000;9.9409;0.0487706
507000;9.9409;0.0487706
508000;9.9409;0.0487706
509000;9.9409;0.0487706
510000;9.9409;0.0487706
511000;9.9409;0.0487706
512000;9.9409;0.0487706
513000;9.9409;0.0487706
514000;9.9409;0.0487706
515000;9.9409;0.0487706
516000;9.9409;0.0487706
517000;9.9409;0.0487706
518000;9.9409;0.0487706
519000;9.9409;0.0487706
520000;9.9409;0.0487706
521000;9.9409;0.0487706
522000;9.9409;0.0487706
523000;9.9409;0.0487706
524000;9.9409;0.0487706
525000;9.9409;0.0487706
526000;9.9409;0.0487706
527000;9.9409;0.0487706
528000;9.9409;0.0487706
529000;9.9409;0.0487706
530000;9.9409;0.0487706
531000;9.9409;0.0487706
532000;9.9409;0.0487706
533000;9.9409;0.0487706
534000;9.9409;0.0487706
535000;9.9409;0.0487706
536000;9.9409;0.0487706
537000;9.9409;0.0487706
538000;9.9409;0.0487706
539000;9.9409;0.0487706
540000;9.9409;0.0487706
541000;9.9409;0.0487706
542000;9.9409;0.0487706
543000;9.9409;0.0487706
544000;9.9409;0.0487706
545000;9.9409;0.0487706
546000;9.9409;0.0487706
547000;9.9409;0.0487706
548000;9.9409;0.0487706
549000;9.9409;0.0487706
550000;9.9409;0.0487706
551000;9.9409;0.0487706
552000;9.9409;0.0487706
553000;9.9409;0.0487706
554000;9.9409;0.0487706
555000;9.9409;0.0487706
556000;9.9409;0.0487706
557000;9.9409;0.0487706
558000;9.9409;0.0487706
559000;9.9409;0.0487706
560000;9.9409;0.0487706
561000;9.9409;0.0487706
562000;9.9409;0.0487706
563000;9.9409;0.0487706
564000;9.9409;0.0487706
565000;9.9409;0.0487706
566000;9.9409;0.0487706
567000;9.9409;0.0487706
568000;9.9409;0.0487706
569000;9.9409;0.0487706
570000;9.9409;0.0487706
571000;9.9409;0.0487706
572000;9.9409;0.0487706
573000;9.9409;0.0487706
574000;9.9409;0.0487706
575000;9.9409;0.0487706
576000;9.9409;0.0487706
577000;9.9409;0.0487706
578000;9.9409;0.0487706
579000;9.9409;0.0487706
580000;9.9409;0.0487706
581000;9.9409;0.0487706
582000;9.9409;0.0487706
583000;9.9409;0.0487706
584000;9.9409;0.0487706
585000;9.9409;0.0487706
586000;9.9409;0.0487706
587000;9.9409;0.0487706
588000;9.9409;0.0487706
589000;9.9409;0.0487706
590000;9.9409;0.0487706
591000;9.9409;0.0487706
592000;9.9409;0.0487706
593000;9.9409;0.0487706
594000;9.9409;0.0487706
595000;9.9409;0.0487706
596000;9.9409;0.0487706
597000;9.9409;0.0487706
598000;9.9409;0.0487706
599000;9.9409;0.0487706
600000;9.9409;0.0487706
601000;9.9409;0.0487706
602000;9.9409;0.0487706
603000;9.9409;0.0487706
604000;9.9409;0.0487706
605000;9.9409;0.0487706
606000;9.9409;0.0487706
607000;9.9409;0.0487706
608000;9.9409;0.0487706
609000;9.9409;0.0487706
610000;9.9409;0.0487706
611000;9.9409;0.0487706
612000;9.9409;0.0487706
613000;9.9409;0.0487706
614000;9.9409;0.0487706
615000;9.9409;0.0487706
616000;9.9409;0.0487706
617000;9.9409;0.0487706
618000;9.9409;0.0487706
619000;9.9409;0.0487706
620000;9.9409;0.0487706
621000;9.9409;0.0487706
622000;9.9409;0.0487706
623000;9.9409;0.0487706
624000;9.9409;0.0487706
625000;9.9409;0.0487706
626000;9.9409;0.0487706
627000;9.9409;0.0487706
628000;9.9409;0.0487706
629000;9.9409;0.0487706
630000;9.9409;0.0487706
631000;9.9409;0.0487706
632000;9.9409;0.0487706
633000;9.9409;0.0487706
634000;9.9409;0.0487706
635000;9.9409;0.0487706
636000;9.9409;0.0487706
637000;9.9409;0.0487706
638000;9.9409;0.0487706
639000;9.9409;0.0487706
640000;9.9409;0.0487706
641000;9.9409;0.0487706
642000;9.9409;0.0487706
643000;9.9409;0.0487706
644000;9.9409;0.0487706
645000;9.9409;0.0487706
646000;9.9409;0.0487706
647000;9.9409;0.0487706
648000;9.9409;0.0487706
649000;9.9409;0.0487706
650000;9.9409;0.0487706
651000;9.9409;0.0487706
652000;9.9409;0.0487706
653000;9.9409;0.0487706
654000;9.9409;0.0487706
655000;9.9409;0.0487706
656000;9.9409;0.0487706
657000;9.9409;0.0487706
658000;9.9409;0.0487706
659000;9.9409;0.0487706
660000;9.9409;0.0487706
661000;9.9409;0.0487706
662000;9.9409;0.0487706
663000;9.9409;0.0487706
664000;9.9409;0.0487706
665000;9.9409;0.0487706
666000;9.9409;0.0487706
667000;9.9409;0.0487706
668000;9.9409;0.0487706
669000;9.9409;0.0487706
670000;9.9409;0.0487706
671000;9.9409;0.0487706
672000;9.9409;0.0487706
673000;9.9409;0.0487706
674000;9.9409;0.0487706
675000;9.9409;0.0487706
676000;9.9409;0.0487706
677000;9.9409;0.0487706
678000;9.9409;0.0487706
679000;9.9409;0.0487706
680000;9.9409;0.0487706
681000;9.9409;0.0487706
682000;9.9409;0.0487706
683000;9.9409;0.0487706
684000;9.9409;0.0487706
685000;9.9409;0.0487706
686000;9.9409;0.0487706
687000;9.9409;0.0487706
688000;9.9409;0.0487706
689000;9.9409;0.0487706
690000;9.9409;0.0487706
691000;9.9409;0.0487706
692000;9.9409;0.0487706
693000;9.9409;0.0487706
694000;9.9409;0.0487706
695000;9.9409;0.0487706
696000;9.9409;0.0487706
697000;9.9409;0.0487706
698000;9.9409;0.0487706
699000;9.9409;0.0487706
700000;9.9409;0.0487706
701000;9.9409;0.0487706
702000;9.9409;0.0487706
703000;9.9409;0.0487706
704000;9.9409;0.0487706
705000;9.9409;0.0487706
706000;9.9409;0.0487706
707000;9.9409;0.0487706
708000;9.9409;0.0487706
709000;9.9409;0.0487706
710000;9.9409;0.0487706
711000;9.9409;0.0487706
712000;9.9409;0.0487706
713000;9.9409;0.0487706
714000;9.9409;0.0487706
715000;9.9409;0.0487706
716000;9.9409;0.0487706
717000;9.9409;0.0487706
718000;9.9409;0.0487706
719000;9.9409;0.0487706
720000;9.9409;0.0487706
721000;9.9409;0.0487706
722000;9.9409;0.0487706
723000;9.9409;0.0487706
724000;9.9409;0.0487706
725000;9.9409;0.0487706
726000;9.9409;0.0487706
727000;9.9409;0.0487706
728000;9.9409;0.0487706
729000;9.9409;0.0487706
730000;9.9409;0.0487706
731000;9.9409;0.0487706
732000;9.9409;0.0487706
733000;9.9409;0.0487706
734000;9.9409;0.0487706
735000;9.9409;0.0487706
736000;9.9409;0.0487706
737000;9.9409;0.0487706
738000;9.9409;0.0487706
739000;9.9409;0.0487706
740000;9.9409;0.0487706
741000;9.9409;0.0487706
742000;9.9409;0.0487706
743000;9.9409;0.0487706
744000;9.9409;0.0487706
745000;9.9409;0.0487706
746000;9.9409;0.0487706
747000;9.9409;0.0487706
748000;9.9409;0.0487706
749000;9.9409;0.0487706
750000;9.9409;0.0487706
751000;9.9409;0.0487706
752000;9.9409;0.0487706
753000;9.9409;0.0487706
754000;9.9409;0.0487706
755000;9.9409;0.0487706
756000;9.9409;0.0487706
757000;9.9409;0.0487706
758000;9.9409;0.0487706
759000;9.9409;0.0487706
760000;9.9409;0.0487706
761000;9.9409;0.0487706
762000;9.9409;0.0487706
763000;9.9409;0.0487706
764000;9.9409;0.0487706
765000;9.9409;0.0487706
766000;9.9409;0.0487706
767000;9.9409;0.0487706
768000;9.9409;0.0487706
769000;9.9409;0.0487706
770000;9.9409;0.0487706
771000;9.9409;0.0487706
772000;9.9409;0.0487706
773000;9.9409;0.0487706
774000;9.9409;0.0487706
775000;9.9409;0.0487706
776000;9.9409;0.0487706
777000;9.9409;0.0487706
778000;9.9409;0.0487706
779000;9.9409;0.0487706
780000;9.9409;0.0487706
781000;9.9409;0.0487706
782000;9.9409;0.0487706
783000;9.9409;0.0487706
784000;9.9409;0.0487706
785000;9.9409;0.0487706
786000;9.9409;0.0487706
787000;9.9409;0.0487706
788000;9.9409;0.0487706
789000;9.9409;0.0487706
790000;9.9409;0.0487706
791000;9.9409;0.0487706
792000;9.9409;0.0487706
793000;9.9409;0.0487706
794000;9.9409;0.0487706
795000;9.9409;0.0487706
796000;9.9409;0.0487706
797000;9.9409;0.0487706
798000;9.9409;0.0487706
799000;9.9409;0.0487706
800000;9.9409;0.0487706
801000;9.9409;0.0487706
802000;9.9409;0.0487706
803000;9.9409;0.0487706
804000;9.9409;0.0487706
805000;9.9409;0.0487706
806000;9.9409;0.0487706
807000;9.9409;0.0487706
808000;9.9409;0.0487706
809000;9.9409;0.0487706
810000;9.9409;0.0487706
811000;9.9409;0.0487706
812000;9.9409;0.0487706
813000;9.9409;0.0487706
814000;9.9409;0.0487706
815000;9.9409;0.0487706
816000;9.9409;0.0487706
817000;9.9409;0.0487706
818000;9.9409;0.0487706
819000;9.9409;0.0487706
820000;9.9409;0.0487706
821000;9.9409;0.0487706
822000;9.9409;0.0487706
823000;9.9409;0.0487706
824000;9.9409;0.0487706
825000;9.9409;0.0487706
826000;9.9409;0.0487706
827000;9.9409;0.0487706
828000;9.9409;0.0487706
829000;9.9409;0.0487706
830000;9.9409;0.0487706
831000;9.9409;0.0487706
832000;9.9409;0.0487706
833000;9.9409;0.0487706
834000;9.9409;0.0487706
835000;9.9409;0.0487706
836000;9.9409;0.0487706
837000;9.9409;0.0487706
838000;9.9409;0.0487706
839000;9.9409;0.0487706
840000;9.9409;0.0487706
841000;9.9409;0.0487706
842000;9.9409;0.0487706
843000;9.9409;0.0487706
844000;9.9409;0.0487706
845000;9.9409;0.0487706
846000;9.9409;0.0487706
847000;9.9409;0.0487706
848000;9.9409;0.0487706
849000;9.9409;0.0487706
850000;9.9409;0.0487706
851000;9.9409;0.0487706
852000;9.9409;0.0487706
853000;9.9409;0.0487706
854000;9.9409;0.0487706
855000;9.9409;0.0487706
856000;9.9409;0.0487706
857000;9.9409;0.0487706
858000;9.9409;0.0487706
859000;9.9409;0.0487706
860000;9.9409;0.0487706
861000;9.9409;0.0487706
862000;9.9409;0.0487706
863000;9.9409;0.0487706
864000;9.9409;0.0487706
865000;9.9409;0.0487706
866000;9.9409;0.0487706
867000;9.9409;0.0487706
868000;9.9409;0.0487706
869000;9.9409;0.0487706
870000;9.9409;0.0487706
871000;9.9409;0.0487706
872000;9.9409;0.0487706
873000;9.9409;0.0487706
874000;9.9409;0.0487706
875000;9.9409;0.0487706
876000;9.9409;0.0487706
877000;9.9409;0.0487706
878000;9.9409;0.0487706
879000;9.9409;0.0487706
880000;9.9409;0.0487706
881000;9.9409;0.0487706
882000;9.9409;0.0487706
883000;9.9409;0.0487706
884000;9.9409;0.0487706
885000;9.9409;0.0487706
886000;9.9409;0.0487706
887000;9.9409;0.0487706
888000;9.9409;0.0487706
889000;9.9409;0.0487706
890000;9.9409;0.0487706
891000;9.9409;0.0487706
892000;9.9409;0.0487706
893000;9.9409;0.0487706
894000;9.9409;0.0487706
895000;9.9409;0.0487706
896000;9.9409;0.0487706
897000;9.9409;0.0487706
898000;9.9409;0.0487706
899000;9.9409;0.0487706
900000;9.9409;0.0487706
901000;9.9409;0.0487706
902000;9.9409;0.0487706
903000;9.9409;0.0487706
904000;9.9409;0.0487706
905000;9.9409;0.0487706
906000;9.9409;0.0487706
907000;9.9409;0.0487706
908000;9.9409;0.0487706
909000;9.9409;0.0487706
910000;9.9409;0.0487706
911000;9.9409;0.0487706
912000;9.9409;0.0487706
913000;9.9409;0.0487706
914000;9.9409;0.0487706
915000;9.9409;0.0487706
916000;9.9409;0.0487706
917000;9.9409;0.0487706
918000;9.9409;0.0487706
919000;9.9409;0.0487706
920000;9.9409;0.0487706
921000;9.9409;0.0487706
922000;9.9409;0.0487706
923000;9.9409;0.0487706
924000;9.9409;0.0487706
925000;9.9409;0.0487706
926000;9.9409;0.0487706
927000;9.9409;0.0487706
928000;9.9409;0.0487706
929000;9.9409;0.0487706
930000;9.9409;0.0487706
931000;9.9409;0.0487706
932000;9.9409;0.0487706
933000;9.9409;0.0487706
934000;9.9409;0.0487706
935000;9.9409;0.0487706
936000;9.9409;0.0487706
937000;9.9409;0.0487706
938000;9.9409;0.0487706
939000;9.9409;0.0487706
940000;9.9409;0.0487706
941000;9.9409;0.0487706
942000;9.9409;0.0487706
943000;9.9409;0.0487706
944000;9.9409;0.0487706
945000;9.9409;0.0487706
946000;9.9409;0.0487706
947000;9.9409;0.0487706
948000;9.9409;0.0487706
949000;9.9409;0.0487706
950000;9.9409;0.0487706
951000;9.9409;0.0487706
952000;9.9409;0.0487706
953000;9.9409;0.0487706
954000;9.9409;0.0487706
955000;9.9409;0.0487706
956000;9.9409;0.0487706
957000;9.9409;0.0487706
958000;9.9409;0.0487706
959000;9.9409;0.0487706
960000;9.9409;0.0487706
961000;9.9409;0.0487706
962000;9.9409;0.0487706
963000;9.9409;0.0487706
964000;9.9409;0.0487706
965000;9.9409;0.0487706
966000;9.9409;0.0487706
967000;9.9409;0.0487706
968000;9.9409;0.0487706
969000;9.9409;0.0487706
970000;9.9409;0.0487706
971000;9.9409;0.0487706
972000;9.9409;0.0487706
973000;9.9409;0.0487706
974000;9.9409;0.0487706
975000;9.9409;0.0487706
976000;9.9409;0.0487706
977000;9.9409;0.0487706
978000;9.9409;0.0487706
979000;9.9409;0.0487706
980000;9.9409;0.0487706
981000;9.9409;0.0487706
982000;9.9409;0.0487706
983000;9.9409;0.0487706
984000;9.9409;0.0487706
985000;9.9409;0.0487706
986000;9.9409;0.0487706
987000;9.9409;0.0487706
988000;9.9409;0.0487706
989000;9.9409;0.0487706
990000;9.9409;0.0487706
991000;9.9409;0.0487706
992000;9.9409;0.0487706
993000;9.9409;0.0487706
994000;9.9409;0.0487706
995000;9.9409;0.0487706
996000;9.9409;0.0487706
997000;9.9409;0.0487706
998000;9.9409;0.0487706
999000;9.9409;0.0487706
1000000;9.9409;0.0487706
