nSimulations;MC_Price;Relative_Error
1000;10.3573;0.00892512
2000;10.4176;0.00315807
3000;10.019;0.0412936
4000;10.222;0.0218719
5000;10.6166;0.0158873
6000;10.7795;0.0314747
7000;10.6128;0.0155256
8000;10.5229;0.00691873
9000;10.53;0.00759732
10000;10.3763;0.00710422
11000;10.1826;0.0256464
12000;10.4958;0.00432633
13000;10.4028;0.00456855
14000;10.5021;0.00493196
15000;10.4997;0.00470285
16000;10.496;0.00434912
17000;10.528;0.00740615
18000;10.5759;0.011989
19000;10.4443;0.000604954
20000;10.2518;0.0190234
21000;10.3257;0.0119512
22000;10.5249;0.00711113
23000;10.4521;0.000143239
24000;10.2641;0.0178478
25000;10.5055;0.00525599
26000;10.3532;0.00932101
27000;10.438;0.00120609
28000;10.5544;0.00992929
29000;10.5837;0.0127405
30000;10.4884;0.00362013
31000;10.3865;0.00612751
32000;10.4295;0.00201749
33000;10.3442;0.0101807
34000;10.6819;0.022131
35000;10.5516;0.00966468
36000;10.4723;0.00207455
37000;10.349;0.00972257
38000;10.3902;0.00577591
39000;10.6246;0.0166554
40000;10.3355;0.0110096
41000;10.5508;0.00959163
42000;10.5179;0.00644563
43000;10.4031;0.00453984
44000;10.393;0.00550893
45000;10.3302;0.0115165
46000;10.4468;0.000364269
47000;10.4409;0.000925047
48000;10.4272;0.00223282
49000;10.3914;0.00566044
50000;10.4712;0.00197112
51000;10.4873;0.00351443
52000;10.4334;0.00164858
53000;10.4783;0.00265305
54000;10.4813;0.00293982
55000;10.3748;0.00724692
56000;10.5302;0.00761862
57000;10.4534;0.000266362
58000;10.4539;0.000319449
59000;10.4007;0.00477444
60000;10.4611;0.00100267
61000;10.3571;0.0089498
62000;10.3469;0.00992189
63000;10.4946;0.00420803
64000;10.4243;0.00251233
65000;10.4282;0.0021387
66000;10.5245;0.00707566
67000;10.4446;0.000572653
68000;10.3981;0.00502498
69000;10.4356;0.00143447
70000;10.4148;0.0034227
71000;10.3881;0.0059777
72000;10.4661;0.00148406
73000;10.4543;0.000354349
74000;10.3649;0.00819894
75000;10.5052;0.0052223
76000;10.4601;0.000912233
77000;10.4751;0.00234624
78000;10.555;0.00999083
79000;10.5224;0.00686945
80000;10.4188;0.00303978
81000;10.4398;0.00103281
82000;10.3626;0.00842258
83000;10.3827;0.006497
84000;10.439;0.00110778
85000;10.531;0.00769254
86000;10.4154;0.00336463
87000;10.4186;0.00305934
88000;10.4227;0.00266924
89000;10.5266;0.00726955
90000;10.4643;0.00131381
91000;10.5175;0.00639926
92000;10.4393;0.00107706
93000;10.4434;0.000685724
94000;10.482;0.00301038
95000;10.4098;0.00390029
96000;10.448;0.000243379
97000;10.435;0.00149499
98000;10.4298;0.00199096
99000;10.4021;0.00463747
100000;10.3898;0.00581645
101000;10.4385;0.00115385
102000;10.4632;0.00120326
103000;10.4313;0.00184114
104000;10.4936;0.00411643
105000;10.4146;0.00344092
106000;10.4572;0.000637068
107000;10.4147;0.00343637
108000;10.4806;0.00287287
109000;10.4807;0.00288571
110000;10.4365;0.00134677
111000;10.5163;0.00629031
112000;10.5266;0.00727328
113000;10.4294;0.00202989
114000;10.4334;0.0016452
115000;10.4305;0.00191907
116000;10.4788;0.00269993
117000;10.4431;0.000718333
118000;10.4979;0.0045295
119000;10.483;0.00309924
120000;10.4536;0.000287092
121000;10.4493;0.000124432
122000;10.3907;0.00573019
123000;10.3427;0.01032
124000;10.3841;0.00636413
125000;10.413;0.00360051
126000;10.4754;0.00237808
127000;10.4134;0.0035576
128000;10.4747;0.00230756
129000;10.4697;0.00182764
130000;10.3943;0.00538742
131000;10.4146;0.00344688
132000;10.4587;0.000780447
133000;10.4933;0.00409048
134000;10.5019;0.00491046
135000;10.4304;0.00193451
136000;10.4931;0.00407113
137000;10.4871;0.00349846
138000;10.4905;0.00381912
139000;10.472;0.00204723
140000;10.4823;0.00303115
141000;10.411;0.00379065
142000;10.4504;1.9229e-05
143000;10.4552;0.000446185
144000;10.4873;0.00351438
145000;10.4268;0.00227482
146000;10.4607;0.000967679
147000;10.4561;0.000530618
148000;10.4085;0.0040308
149000;10.4816;0.00297185
150000;10.4294;0.00202974
151000;10.4673;0.00159606
152000;10.4531;0.000238628
153000;10.445;0.000530134
154000;10.4847;0.00326094
155000;10.4452;0.000514192
156000;10.452;0.000135739
157000;10.4912;0.00388227
158000;10.4398;0.00103435
159000;10.3436;0.0102402
160000;10.4779;0.00261168
161000;10.452;0.000136419
162000;10.4964;0.00438147
163000;10.3806;0.00669623
164000;10.438;0.00120398
165000;10.4103;0.00385336
166000;10.4818;0.00298327
167000;10.4614;0.00103466
168000;10.4595;0.000852105
169000;10.4668;0.00155246
170000;10.5059;0.00529407
171000;10.4237;0.00257524
172000;10.4515;8.89326e-05
173000;10.485;0.00329451
174000;10.5036;0.00507114
175000;10.4888;0.00366159
176000;10.4653;0.00140941
177000;10.5179;0.00644198
178000;10.4525;0.00018215
179000;10.4815;0.00295829
180000;10.4418;0.000839064
181000;10.479;0.00272025
182000;10.4197;0.00295403
183000;10.4507;1.55268e-05
184000;10.4182;0.00310234
185000;10.4987;0.00460776
186000;10.4038;0.00447698
187000;10.4543;0.000356012
188000;10.3999;0.00485192
189000;10.507;0.00540263
190000;10.4414;0.000877721
191000;10.4211;0.00282585
192000;10.3865;0.00612816
193000;10.4143;0.00346956
194000;10.4951;0.00425941
195000;10.4194;0.0029878
196000;10.4286;0.00210107
197000;10.5123;0.00590173
198000;10.4174;0.00317265
199000;10.404;0.00445783
200000;10.4004;0.00479727
201000;10.5343;0.00800802
202000;10.445;0.000531846
203000;10.4473;0.000312161
204000;10.3875;0.00603636
205000;10.4347;0.00152239
206000;10.461;0.000999593
207000;10.4905;0.00382335
208000;10.4529;0.0002256
209000;10.4939;0.00414803
210000;10.47;0.0018553
211000;10.4562;0.000537391
212000;10.4335;0.00163102
213000;10.4104;0.00384978
214000;10.4219;0.00274004
215000;10.47;0.00186139
216000;10.4687;0.00173339
217000;10.4581;0.000719454
218000;10.4136;0.00353629
219000;10.4417;0.000847221
220000;10.4468;0.000365356
221000;10.4729;0.00213793
222000;10.5037;0.00508258
223000;10.4312;0.00185552
224000;10.4585;0.000754217
225000;10.4822;0.00302461
226000;10.438;0.00120854
227000;10.4547;0.000393684
228000;10.4132;0.00357341
229000;10.3687;0.00783165
230000;10.4206;0.00286867
231000;10.4809;0.00290213
232000;10.409;0.00397743
233000;10.4043;0.00443256
234000;10.4593;0.000836709
235000;10.517;0.00635985
236000;10.4543;0.000356344
237000;10.4204;0.00289029
238000;10.4441;0.000616972
239000;10.364;0.00828537
240000;10.4388;0.00112519
241000;10.4512;6.32328e-05
242000;10.4912;0.00388912
243000;10.4202;0.00290662
244000;10.4377;0.00122978
245000;10.5282;0.00742263
246000;10.4266;0.00229591
247000;10.437;0.00130041
248000;10.4228;0.00265513
249000;10.5076;0.00545678
250000;10.4348;0.00151107
251000;10.4316;0.0018119
252000;10.4456;0.000475515
253000;10.4817;0.00297865
254000;10.4261;0.00234567
255000;10.4394;0.00107287
256000;10.4353;0.00146258
257000;10.3883;0.00595976
258000;10.4534;0.00026592
259000;10.4272;0.00224177
260000;10.431;0.00186986
261000;10.5335;0.00793258
262000;10.4933;0.00409175
263000;10.432;0.00177411
264000;10.4148;0.00342543
265000;10.4702;0.00188012
266000;10.4532;0.000246139
267000;10.4679;0.00165441
268000;10.4434;0.000690328
269000;10.4399;0.00102335
270000;10.4582;0.000733474
271000;10.3933;0.00548195
272000;10.4321;0.00177203
273000;10.4261;0.00234753
274000;10.4396;0.00104887
275000;10.4192;0.00300727
276000;10.4556;0.000483747
277000;10.46;0.000901893
278000;10.4175;0.00316273
279000;10.4686;0.00172225
280000;10.4436;0.000666305
281000;10.4481;0.000235944
282000;10.4321;0.00176859
283000;10.4239;0.00255581
284000;10.4378;0.00122425
285000;10.4729;0.00213502
286000;10.4601;0.000906576
287000;10.4509;2.63526e-05
288000;10.4476;0.00028354
289000;10.4458;0.00045553
290000;10.4494;0.000117098
291000;10.4751;0.00234715
292000;10.4205;0.00287412
293000;10.4477;0.000275885
294000;10.4582;0.000724431
295000;10.4157;0.00333441
296000;10.4836;0.00316136
297000;10.4242;0.00252413
298000;10.4624;0.00112917
299000;10.4566;0.000577048
300000;10.4231;0.00262515
301000;10.444;0.00062791
302000;10.3697;0.00774423
303000;10.4514;7.98666e-05
304000;10.4502;4.01725e-05
305000;10.4569;0.000606894
306000;10.4461;0.000425174
307000;10.4476;0.000288309
308000;10.4815;0.00296194
309000;10.461;0.000996244
310000;10.4288;0.00208563
311000;10.4439;0.00064093
312000;10.4568;0.000598694
313000;10.4293;0.00203746
314000;10.479;0.00271476
315000;10.4913;0.00390056
316000;10.4362;0.0013803
317000;10.4477;0.000274633
318000;10.4766;0.00248544
319000;10.4362;0.00137547
320000;10.4211;0.00281733
321000;10.457;0.000610496
322000;10.4666;0.00153039
323000;10.4553;0.000447989
324000;10.4142;0.00347734
325000;10.4353;0.00145801
326000;10.4532;0.000247885
327000;10.4635;0.00123399
328000;10.4579;0.000698428
329000;10.4628;0.00116731
330000;10.4468;0.00035732
331000;10.4155;0.00336102
332000;10.492;0.00396202
333000;10.4109;0.00379525
334000;10.4814;0.00295316
335000;10.5008;0.00480688
336000;10.4736;0.00220614
337000;10.4367;0.00132421
338000;10.4155;0.00336052
339000;10.446;0.000437797
340000;10.482;0.00300965
341000;10.4567;0.000587196
342000;10.4559;0.000504572
343000;10.4083;0.00404614
344000;10.441;0.000918165
345000;10.474;0.00224152
346000;10.4104;0.00384439
347000;10.4262;0.00232852
348000;10.4243;0.00251654
349000;10.4594;0.000841564
350000;10.4284;0.00212094
351000;10.4391;0.00109902
352000;10.4597;0.000869675
353000;10.4551;0.000432462
354000;10.4886;0.00363704
355000;10.4715;0.0020048
356000;10.4475;0.000299471
357000;10.4564;0.00055614
358000;10.4401;0.00100758
359000;10.4993;0.00466385
360000;10.4683;0.00169881
361000;10.4564;0.000560044
362000;10.4271;0.00224365
363000;10.4626;0.0011474
364000;10.4618;0.00107219
365000;10.4145;0.00344945
366000;10.4525;0.00018469
367000;10.4392;0.00108818
368000;10.4129;0.00360995
369000;10.4595;0.000855175
370000;10.4687;0.00173723
371000;10.4219;0.00274407
372000;10.4247;0.00247216
373000;10.4611;0.00100186
374000;10.4542;0.000343973
375000;10.4665;0.001525
376000;10.4362;0.00137428
377000;10.4949;0.00424278
378000;10.3983;0.00500734
379000;10.433;0.00168404
380000;10.428;0.00215903
381000;10.4353;0.00145971
382000;10.4584;0.000745467
383000;10.4855;0.00334367
384000;10.4374;0.00126152
385000;10.4054;0.00432402
386000;10.4383;0.00117283
387000;10.4636;0.00124189
388000;10.4632;0.00121164
389000;10.4171;0.00320359
390000;10.4668;0.00155563
391000;10.4457;0.000470672
392000;10.4248;0.00246261
393000;10.4692;0.00177756
394000;10.4765;0.00247969
395000;10.4875;0.00352957
396000;10.4941;0.00416137
397000;10.4327;0.0017107
398000;10.4419;0.000835533
399000;10.4433;0.00069841
400000;10.4602;0.000920316
401000;10.4721;0.00206314
402000;10.4621;0.00110414
403000;10.4306;0.00191681
404000;10.4418;0.000838806
405000;10.4265;0.00230789
406000;10.4054;0.0043247
407000;10.4398;0.00102751
408000;10.4511;4.87465e-05
409000;10.441;0.000917825
410000;10.4756;0.00239035
411000;10.4835;0.00315262
412000;10.4159;0.00331765
413000;10.4275;0.00220966
414000;10.4679;0.00165708
415000;10.4375;0.00124771
416000;10.4561;0.000525292
417000;10.4405;0.000967501
418000;10.4473;0.000312323
419000;10.483;0.00310486
420000;10.4432;0.00071057
421000;10.4655;0.00142929
422000;10.4546;0.000382778
423000;10.4361;0.00138716
424000;10.4757;0.00239939
425000;10.4858;0.00337385
426000;10.4134;0.00355337
427000;10.4256;0.00238641
428000;10.507;0.00540307
429000;10.4578;0.000692749
430000;10.4526;0.000195679
431000;10.4571;0.000621081
432000;10.4281;0.00214973
433000;10.4817;0.00297537
434000;10.4383;0.00117136
435000;10.4357;0.00142136
436000;10.458;0.000709262
437000;10.4458;0.000457595
438000;10.456;0.000517206
439000;10.4677;0.00163785
440000;10.4607;0.000971992
441000;10.4592;0.000824674
442000;10.4111;0.00377752
443000;10.4323;0.00175335
444000;10.415;0.00340484
445000;10.4299;0.00198344
446000;10.4473;0.00031179
447000;10.4816;0.00297145
448000;10.4028;0.00457608
449000;10.4502;4.09862e-05
450000;10.4359;0.00140083
451000;10.4574;0.000649999
452000;10.4641;0.00129791
453000;10.4544;0.000363432
454000;10.4938;0.00413612
455000;10.462;0.00109073
456000;10.4253;0.00242347
457000;10.4421;0.000816119
458000;10.4689;0.00174915
459000;10.457;0.000617035
460000;10.4343;0.00156017
461000;10.4729;0.00213317
462000;10.4374;0.00125779
463000;10.4647;0.00135272
464000;10.4517;0.000105303
465000;10.4309;0.00188003
466000;10.4704;0.00189886
467000;10.424;0.00254575
468000;10.4631;0.00119934
469000;10.4595;0.000851016
470000;10.4825;0.00305855
471000;10.4666;0.00153492
472000;10.4795;0.00277018
473000;10.4277;0.0021912
474000;10.4431;0.000718079
475000;10.4366;0.0013368
476000;10.4487;0.000182684
477000;10.479;0.00271734
478000;10.4516;9.97009e-05
479000;10.4591;0.000813111
480000;10.4619;0.00108217
481000;10.431;0.00187553
482000;10.4387;0.00113728
483000;10.4678;0.00164765
484000;10.4252;0.00242532
485000;10.4804;0.00285269
486000;10.4655;0.00143017
487000;10.4745;0.00229115
488000;10.4583;0.00073391
489000;10.4696;0.00182181
490000;10.4453;0.000505691
491000;10.4432;0.000710819
492000;10.4662;0.00149564
493000;10.4254;0.00240546
494000;10.4476;0.000288488
495000;10.4284;0.0021249
496000;10.4237;0.00256829
497000;10.4202;0.00290528
498000;10.4616;0.0010537
499000;10.4726;0.00210653
500000;10.4361;0.0013877
501000;10.4436;0.000666422
502000;10.4675;0.00161838
503000;10.4549;0.000417105
504000;10.4661;0.00148186
505000;10.4375;0.00125094
506000;10.4765;0.00248085
507000;10.4609;0.000990094
508000;10.4289;0.00207045
509000;10.4654;0.00141529
510000;10.4391;0.00109587
511000;10.4424;0.000785975
512000;10.4553;0.000454036
513000;10.4389;0.00112217
514000;10.4417;0.000847428
515000;10.458;0.000712638
516000;10.4476;0.000281833
517000;10.4291;0.00205942
518000;10.4454;0.000500299
519000;10.4602;0.000922121
520000;10.4609;0.000986749
521000;10.4732;0.00216116
522000;10.4499;6.62624e-05
523000;10.4543;0.000360048
524000;10.486;0.00339123
525000;10.4065;0.00421819
526000;10.4558;0.000494732
527000;10.473;0.00214124
528000;10.4656;0.00144152
529000;10.4554;0.000456905
530000;10.4409;0.000927497
531000;10.4489;0.000159117
532000;10.3982;0.00500883
533000;10.4502;3.37046e-05
534000;10.4606;0.000958625
535000;10.411;0.00378813
536000;10.444;0.000627573
537000;10.4647;0.00135293
538000;10.449;0.000150461
539000;10.4349;0.00150048
540000;10.4643;0.00131536
541000;10.4447;0.00056455
542000;10.4616;0.0010525
543000;10.4438;0.000650146
544000;10.4252;0.00243074
545000;10.4311;0.00186893
546000;10.4602;0.000921081
547000;10.4684;0.00170442
548000;10.4698;0.0018365
549000;10.4133;0.00356958
550000;10.4486;0.000185232
551000;10.4315;0.00182588
552000;10.4569;0.000604808
553000;10.4618;0.00106874
554000;10.4472;0.000320022
555000;10.4617;0.00106028
556000;10.4486;0.000185127
557000;10.4694;0.00179998
558000;10.4616;0.00105326
559000;10.4483;0.000222793
560000;10.4571;0.000619389
561000;10.4696;0.00182045
562000;10.4339;0.00159589
563000;10.4828;0.00308096
564000;10.4922;0.00397893
565000;10.4703;0.00188702
566000;10.4469;0.000352445
567000;10.4425;0.00077166
568000;10.4835;0.00314894
569000;10.4486;0.000185489
570000;10.4577;0.000681712
571000;10.4327;0.00171423
572000;10.4482;0.000224869
573000;10.4358;0.00141446
574000;10.4466;0.000382243
575000;10.4556;0.000477733
576000;10.4496;9.22175e-05
577000;10.4279;0.00216879
578000;10.4642;0.00129932
579000;10.4409;0.000925871
580000;10.4385;0.00115724
581000;10.4546;0.000384167
582000;10.4877;0.00355307
583000;10.4777;0.00259129
584000;10.4215;0.00278543
585000;10.4515;8.82001e-05
586000;10.4582;0.000724661
587000;10.4296;0.00200319
588000;10.4748;0.00231784
589000;10.4429;0.000739905
590000;10.466;0.00147195
591000;10.4396;0.00105237
592000;10.443;0.000726912
593000;10.4253;0.00242262
594000;10.4382;0.00118921
595000;10.4386;0.00114314
596000;10.4415;0.000867589
597000;10.4529;0.000225277
598000;10.436;0.00139865
599000;10.4464;0.000395773
600000;10.4696;0.00181997
601000;10.4561;0.000527386
602000;10.4323;0.00175095
603000;10.4688;0.00174329
604000;10.442;0.000818746
605000;10.4292;0.00204231
606000;10.4515;8.51174e-05
607000;10.4702;0.00187298
608000;10.454;0.000326874
609000;10.472;0.00205068
610000;10.4603;0.000928071
611000;10.4748;0.00231401
612000;10.4479;0.000257341
613000;10.4491;0.000144391
614000;10.4246;0.00248476
615000;10.4529;0.000224895
616000;10.4681;0.00167147
617000;10.441;0.000917992
618000;10.4603;0.00093311
619000;10.4754;0.00237198
620000;10.4815;0.00296082
621000;10.4856;0.00334714
622000;10.446;0.000443295
623000;10.4509;3.18462e-05
624000;10.4206;0.00287023
625000;10.4727;0.00211927
626000;10.4441;0.000617568
627000;10.4534;0.00026569
628000;10.4462;0.000421701
629000;10.4328;0.00170341
630000;10.4562;0.00054162
631000;10.4559;0.000507307
632000;10.4563;0.000546981
633000;10.4396;0.00105465
634000;10.4792;0.0027374
635000;10.4594;0.000845996
636000;10.455;0.000419583
637000;10.5014;0.00486205
638000;10.4281;0.00214815
639000;10.4663;0.00150213
640000;10.4523;0.000160286
641000;10.4187;0.00305448
642000;10.418;0.00311675
643000;10.461;0.000998183
644000;10.4526;0.000195842
645000;10.4474;0.000303003
646000;10.4556;0.000479806
647000;10.4465;0.000390285
648000;10.4822;0.00302407
649000;10.4826;0.00306785
650000;10.4074;0.00413085
651000;10.4339;0.00159994
652000;10.4283;0.00213198
653000;10.4295;0.00202055
654000;10.4708;0.00193468
655000;10.4623;0.00111748
656000;10.4818;0.00298868
657000;10.4486;0.000189357
658000;10.4407;0.000943962
659000;10.4694;0.00179579
660000;10.4532;0.000253849
661000;10.4738;0.00222309
662000;10.4572;0.000634041
663000;10.4364;0.00136188
664000;10.4439;0.000642601
665000;10.4849;0.00328734
666000;10.4553;0.00045297
667000;10.4565;0.000567091
668000;10.4272;0.00223288
669000;10.4631;0.00119463
670000;10.4563;0.000546449
671000;10.4682;0.00168984
672000;10.4441;0.000617381
673000;10.4758;0.00241319
674000;10.4398;0.00102751
675000;10.4636;0.00124495
676000;10.4557;0.000493417
677000;10.4644;0.00132089
678000;10.4611;0.0010049
679000;10.4564;0.000561106
680000;10.4607;0.00096538
681000;10.456;0.000518967
682000;10.4454;0.000491827
683000;10.4741;0.00225329
684000;10.4474;0.000301348
685000;10.4526;0.000195028
686000;10.3982;0.00501571
687000;10.439;0.00111031
688000;10.457;0.000612744
689000;10.4589;0.000797397
690000;10.4223;0.00270359
691000;10.4321;0.0017713
692000;10.4557;0.00048707
693000;10.4383;0.0011793
694000;10.4438;0.000651217
695000;10.4627;0.00116069
696000;10.453;0.00022846
697000;10.4365;0.0013437
698000;10.4635;0.00123326
699000;10.4454;0.000492202
700000;10.4558;0.000496012
701000;10.4472;0.000324039
702000;10.4575;0.000658296
703000;10.4629;0.00117447
704000;10.4555;0.00047157
705000;10.4457;0.000468862
706000;10.4321;0.00176791
707000;10.4621;0.00109753
708000;10.4682;0.0016904
709000;10.4699;0.00184841
710000;10.4444;0.000589076
711000;10.447;0.000341686
712000;10.4475;0.000294279
713000;10.4879;0.00356754
714000;10.4488;0.000167889
715000;10.4291;0.00205586
716000;10.4315;0.001825
717000;10.4738;0.00221848
718000;10.4287;0.00209231
719000;10.4159;0.00331828
720000;10.4827;0.00307239
721000;10.4715;0.00200381
722000;10.4388;0.00113131
723000;10.4386;0.00115026
724000;10.4264;0.00231332
725000;10.4528;0.000214164
726000;10.4593;0.000836633
727000;10.4396;0.00105226
728000;10.4782;0.0026447
729000;10.4554;0.000460737
730000;10.4583;0.000736088
731000;10.4748;0.00232054
732000;10.4698;0.00183608
733000;10.4467;0.000372329
734000;10.4548;0.000399917
735000;10.4581;0.000715889
736000;10.4283;0.00213696
737000;10.4444;0.000587875
738000;10.4475;0.000294739
739000;10.4706;0.00191666
740000;10.4427;0.000753072
741000;10.4559;0.000508663
742000;10.4561;0.00052959
743000;10.4435;0.000673605
744000;10.4698;0.0018358
745000;10.4401;0.00100503
746000;10.4521;0.00014883
747000;10.4659;0.00146822
748000;10.4901;0.00378236
749000;10.453;0.000233657
750000;10.4388;0.00112461
751000;10.4606;0.000953779
752000;10.4542;0.000343213
753000;10.4408;0.000940771
754000;10.4478;0.000262448
755000;10.4651;0.00138807
756000;10.4519;0.000121843
757000;10.4595;0.00085374
758000;10.4258;0.00237282
759000;10.4238;0.00256548
760000;10.4458;0.00045731
761000;10.4426;0.000767944
762000;10.4419;0.000826442
763000;10.4651;0.00138629
764000;10.458;0.000706294
765000;10.4414;0.00087812
766000;10.4163;0.00327841
767000;10.4504;1.51845e-05
768000;10.467;0.00157447
769000;10.4578;0.000688382
770000;10.4111;0.00377522
771000;10.44;0.00100858
772000;10.4831;0.00310936
773000;10.4344;0.0015446
774000;10.4565;0.000564725
775000;10.4575;0.000658626
776000;10.4487;0.000175972
777000;10.4637;0.001259
778000;10.4405;0.000961582
779000;10.4304;0.00193366
780000;10.4536;0.000285561
781000;10.4737;0.00220888
782000;10.4528;0.00020826
783000;10.446;0.00043445
784000;10.4705;0.00190677
785000;10.4602;0.000917015
786000;10.4416;0.000860052
787000;10.4456;0.000477304
788000;10.4576;0.000673156
789000;10.4842;0.00321862
790000;10.4524;0.000177335
791000;10.4539;0.000322065
792000;10.4444;0.000595722
793000;10.4459;0.000445899
794000;10.4248;0.00247169
795000;10.4262;0.00233097
796000;10.4777;0.00259069
797000;10.4465;0.000391523
798000;10.4546;0.000381837
799000;10.474;0.00224315
800000;10.412;0.00369678
801000;10.4643;0.00131605
802000;10.4142;0.00347717
803000;10.4506;2.46778e-06
804000;10.4542;0.000350418
805000;10.451;4.40737e-05
806000;10.4475;0.000292675
807000;10.4314;0.00183528
808000;10.4434;0.000683291
809000;10.4719;0.00204277
810000;10.449;0.000154245
811000;10.4359;0.00140933
812000;10.4227;0.00266416
813000;10.443;0.000730349
814000;10.4748;0.00232071
815000;10.4472;0.00031899
816000;10.4385;0.00115798
817000;10.4233;0.00261434
818000;10.4587;0.000775474
819000;10.4833;0.00313312
820000;10.4595;0.000851664
821000;10.4708;0.0019318
822000;10.4656;0.00143842
823000;10.4603;0.00093222
824000;10.4615;0.00104774
825000;10.4715;0.00200618
826000;10.4715;0.00200568
827000;10.4584;0.000751308
828000;10.4374;0.00125805
829000;10.4577;0.000679551
830000;10.4776;0.00258559
831000;10.4605;0.000949294
832000;10.4738;0.00221712
833000;10.4411;0.0009105
834000;10.4381;0.00119653
835000;10.4571;0.000622525
836000;10.4428;0.000740993
837000;10.4665;0.00152671
838000;10.4684;0.00170804
839000;10.4387;0.00113791
840000;10.4639;0.00127161
841000;10.4737;0.00221369
842000;10.4476;0.000286628
843000;10.4507;1.34795e-05
844000;10.4452;0.000518298
845000;10.4533;0.000261021
846000;10.4907;0.0038358
847000;10.4529;0.000226128
848000;10.4508;2.19094e-05
849000;10.4449;0.00054103
850000;10.4348;0.00150665
851000;10.4523;0.000165115
852000;10.4327;0.00171192
853000;10.4688;0.00174612
854000;10.4362;0.00137447
855000;10.4413;0.000889679
856000;10.4604;0.000942066
857000;10.4502;3.88991e-05
858000;10.4236;0.00258224
859000;10.4596;0.00085964
860000;10.4854;0.00333614
861000;10.4418;0.000840924
862000;10.4514;7.61712e-05
863000;10.4592;0.00082299
864000;10.4446;0.000576815
865000;10.4594;0.00084823
866000;10.4322;0.00176385
867000;10.4951;0.00426187
868000;10.4424;0.000779625
869000;10.4424;0.000786843
870000;10.4389;0.0011191
871000;10.4483;0.000222614
872000;10.4912;0.00389118
873000;10.4357;0.00142107
874000;10.4544;0.000368288
875000;10.4279;0.00217267
876000;10.4507;8.81051e-06
877000;10.4196;0.00296433
878000;10.4369;0.00131063
879000;10.4627;0.00115477
880000;10.4413;0.000886445
881000;10.4392;0.00108522
882000;10.4738;0.00222544
883000;10.4589;0.000797324
884000;10.4463;0.000408589
885000;10.4464;0.000404535
886000;10.4421;0.000808448
887000;10.4732;0.00216817
888000;10.4541;0.000337166
889000;10.4334;0.00164048
890000;10.4498;7.69265e-05
891000;10.4635;0.00123165
892000;10.4248;0.00246403
893000;10.4475;0.000292913
894000;10.444;0.000634612
895000;10.4464;0.00039741
896000;10.4522;0.000151581
897000;10.4402;0.000998246
898000;10.4269;0.00226662
899000;10.4781;0.0026305
900000;10.4575;0.00066265
901000;10.4282;0.00214556
902000;10.4509;2.83967e-05
903000;10.4326;0.00171885
904000;10.4552;0.00044303
905000;10.4747;0.00230487
906000;10.4661;0.00148534
907000;10.45;5.87176e-05
908000;10.4271;0.00225013
909000;10.4584;0.000745029
910000;10.4618;0.00107207
911000;10.4593;0.000830316
912000;10.4421;0.000813332
913000;10.4364;0.00136031
914000;10.4382;0.00118541
915000;10.4269;0.0022695
916000;10.4681;0.00167537
917000;10.4509;3.47829e-05
918000;10.4395;0.00106228
919000;10.4494;0.000108936
920000;10.4449;0.000544209
921000;10.4556;0.000475716
922000;10.4428;0.000744857
923000;10.4247;0.00247454
924000;10.4477;0.000275061
925000;10.4426;0.000761429
926000;10.4698;0.00183981
927000;10.4459;0.000444518
928000;10.454;0.000327869
929000;10.46;0.000905741
930000;10.4535;0.000283079
931000;10.4542;0.000349578
932000;10.4386;0.001148
933000;10.4636;0.0012422
934000;10.4405;0.000961517
935000;10.4363;0.00136836
936000;10.4472;0.000325259
937000;10.4592;0.000821509
938000;10.4462;0.000416992
939000;10.4478;0.000268009
940000;10.456;0.00051581
941000;10.4318;0.00180101
942000;10.4879;0.00357385
943000;10.4727;0.00211709
944000;10.4359;0.00140765
945000;10.4485;0.000203139
946000;10.4608;0.000980998
947000;10.4328;0.00170257
948000;10.4401;0.00100678
949000;10.4416;0.0008561
950000;10.4323;0.00175315
951000;10.4498;7.33635e-05
952000;10.4165;0.00326605
953000;10.4574;0.00065328
954000;10.4748;0.00231753
955000;10.4677;0.00163724
956000;10.452;0.000134136
957000;10.4553;0.000455436
958000;10.4498;7.35684e-05
959000;10.4443;0.000601666
960000;10.4447;0.000565635
961000;10.4411;0.000912079
962000;10.433;0.0016831
963000;10.4711;0.00195984
964000;10.4539;0.00031876
965000;10.4357;0.00142193
966000;10.4554;0.000461796
967000;10.4452;0.000519362
968000;10.4505;1.14403e-05
969000;10.4463;0.000410625
970000;10.4535;0.000280175
971000;10.4455;0.000489429
972000;10.4763;0.00245976
973000;10.4414;0.000879529
974000;10.4674;0.00161329
975000;10.4354;0.0014536
976000;10.4308;0.00189512
977000;10.434;0.00158593
978000;10.4362;0.00137494
979000;10.4578;0.00068878
980000;10.4473;0.000311094
981000;10.4397;0.00104515
982000;10.4531;0.000237385
983000;10.4403;0.000986187
984000;10.4308;0.00188989
985000;10.4371;0.00129417
986000;10.4413;0.000891072
987000;10.4483;0.000216915
988000;10.4577;0.000677091
989000;10.4459;0.000450376
990000;10.4563;0.000543905
991000;10.4723;0.00207881
992000;10.4438;0.000645279
993000;10.4456;0.000477459
994000;10.4648;0.00135823
995000;10.4429;0.000736527
996000;10.463;0.00118408
997000;10.4702;0.00187815
998000;10.4745;0.0022888
999000;10.4331;0.00167195
1000000;10.4514;7.8731e-05
