nSimulations;Gamma_MC;Gamma_BS;Relative_Error
1000;0.0267296;0.018762;0.424666
2000;0.0208361;0.018762;0.110544
3000;0.018788;0.018762;0.00138275
4000;0.0180861;0.018762;0.0360255
5000;0.0217437;0.018762;0.158923
6000;0.0163602;0.018762;0.128016
7000;0.0188821;0.018762;0.00640028
8000;0.0212584;0.018762;0.133055
9000;0.0196332;0.018762;0.0464307
10000;0.0180688;0.018762;0.0369475
11000;0.0205598;0.018762;0.0958184
12000;0.0178657;0.018762;0.0477749
13000;0.0191883;0.018762;0.0227179
14000;0.0184032;0.018762;0.0191247
15000;0.0165788;0.018762;0.116364
16000;0.0180076;0.018762;0.0402082
17000;0.0201185;0.018762;0.0722991
18000;0.0178009;0.018762;0.0512248
19000;0.0184579;0.018762;0.0162073
20000;0.0205155;0.018762;0.093458
21000;0.0189215;0.018762;0.00849882
22000;0.0180065;0.018762;0.0402672
23000;0.017707;0.018762;0.056231
24000;0.0188255;0.018762;0.003381
25000;0.0189458;0.018762;0.00979424
26000;0.0188727;0.018762;0.00590038
27000;0.0194595;0.018762;0.0371762
28000;0.0197232;0.018762;0.051228
29000;0.0188086;0.018762;0.00248233
30000;0.0188944;0.018762;0.00705612
31000;0.0184038;0.018762;0.0190913
32000;0.0180903;0.018762;0.0358035
33000;0.0185343;0.018762;0.0121398
34000;0.0177191;0.018762;0.0555863
35000;0.0193316;0.018762;0.0303586
36000;0.0185365;0.018762;0.0120184
37000;0.0187254;0.018762;0.00194905
38000;0.0195484;0.018762;0.0419135
39000;0.0191068;0.018762;0.018379
40000;0.0187342;0.018762;0.00148489
41000;0.0192415;0.018762;0.0255536
42000;0.01862;0.018762;0.00756891
43000;0.0190951;0.018762;0.0177531
44000;0.0195607;0.018762;0.042571
45000;0.0190466;0.018762;0.0151655
46000;0.0185437;0.018762;0.0116363
47000;0.0183388;0.018762;0.022559
48000;0.0189629;0.018762;0.0107048
49000;0.0181364;0.018762;0.0333439
50000;0.0186723;0.018762;0.0047815
51000;0.0178698;0.018762;0.0475539
52000;0.017586;0.018762;0.0626822
53000;0.0191374;0.018762;0.0200087
54000;0.0189664;0.018762;0.0108957
55000;0.0181622;0.018762;0.0319698
56000;0.0180022;0.018762;0.0404993
57000;0.0196759;0.018762;0.0487118
58000;0.0189319;0.018762;0.00905698
59000;0.0189361;0.018762;0.00927951
60000;0.0186726;0.018762;0.00476465
61000;0.0184269;0.018762;0.017863
62000;0.0191111;0.018762;0.0186043
63000;0.0187288;0.018762;0.00177158
64000;0.0190448;0.018762;0.0150733
65000;0.0187115;0.018762;0.00269407
66000;0.0184984;0.018762;0.0140486
67000;0.0190384;0.018762;0.0147321
68000;0.0187149;0.018762;0.00250922
69000;0.0191478;0.018762;0.0205618
70000;0.0183513;0.018762;0.0218901
71000;0.0189312;0.018762;0.00901866
72000;0.0186233;0.018762;0.00739522
73000;0.0188432;0.018762;0.00432878
74000;0.0195563;0.018762;0.0423372
75000;0.0186818;0.018762;0.00427597
76000;0.0186661;0.018762;0.00511082
77000;0.018524;0.018762;0.012685
78000;0.0186478;0.018762;0.00608804
79000;0.0185003;0.018762;0.0139482
80000;0.0185481;0.018762;0.0113993
81000;0.0196422;0.018762;0.0469155
82000;0.0186707;0.018762;0.00486951
83000;0.018379;0.018762;0.020412
84000;0.0185813;0.018762;0.00963451
85000;0.0185361;0.018762;0.0120399
86000;0.0192453;0.018762;0.0257611
87000;0.0188036;0.018762;0.00221866
88000;0.0188271;0.018762;0.0034685
89000;0.0192054;0.018762;0.0236321
90000;0.0187731;0.018762;0.000590795
91000;0.0188635;0.018762;0.00540959
92000;0.0191529;0.018762;0.0208325
93000;0.0187728;0.018762;0.000575017
94000;0.019148;0.018762;0.0205701
95000;0.0185121;0.018762;0.0133184
96000;0.0194093;0.018762;0.0344983
97000;0.0186222;0.018762;0.00745126
98000;0.0186622;0.018762;0.00532217
99000;0.0188188;0.018762;0.0030286
100000;0.0193551;0.018762;0.0316112
101000;0.0184295;0.018762;0.0177228
102000;0.0182542;0.018762;0.0270687
103000;0.0184578;0.018762;0.0162138
104000;0.0185359;0.018762;0.0120513
105000;0.0188429;0.018762;0.00431296
106000;0.0185408;0.018762;0.011792
107000;0.0194152;0.018762;0.0348151
108000;0.0183469;0.018762;0.0221231
109000;0.0188207;0.018762;0.00312985
110000;0.018851;0.018762;0.00474094
111000;0.0190069;0.018762;0.0130503
112000;0.0190524;0.018762;0.0154771
113000;0.0187773;0.018762;0.00081668
114000;0.0190361;0.018762;0.0146102
115000;0.0186059;0.018762;0.00832135
116000;0.0179359;0.018762;0.0440302
117000;0.0191171;0.018762;0.0189257
118000;0.0186364;0.018762;0.00669345
119000;0.0181991;0.018762;0.0300039
120000;0.01903;0.018762;0.0142859
121000;0.0190493;0.018762;0.0153114
122000;0.0186586;0.018762;0.0055104
123000;0.0187353;0.018762;0.00142157
124000;0.0180018;0.018762;0.0405164
125000;0.0186086;0.018762;0.0081779
126000;0.0192781;0.018762;0.0275094
127000;0.0185377;0.018762;0.0119577
128000;0.0192639;0.018762;0.0267495
129000;0.0194023;0.018762;0.0341281
130000;0.0188282;0.018762;0.00352504
131000;0.0188038;0.018762;0.00222498
132000;0.0189539;0.018762;0.0102268
133000;0.0189373;0.018762;0.00934014
134000;0.0187017;0.018762;0.00321618
135000;0.0185938;0.018762;0.00896623
136000;0.0185637;0.018762;0.0105703
137000;0.0188113;0.018762;0.00262573
138000;0.0186919;0.018762;0.00373556
139000;0.0188017;0.018762;0.00211321
140000;0.0190379;0.018762;0.014707
141000;0.0185722;0.018762;0.0101177
142000;0.0190364;0.018762;0.0146223
143000;0.018082;0.018762;0.0362461
144000;0.0190031;0.018762;0.0128511
145000;0.0188825;0.018762;0.00641967
146000;0.0191064;0.018762;0.0183545
147000;0.0186768;0.018762;0.00454214
148000;0.0188928;0.018762;0.00696835
149000;0.0187304;0.018762;0.00168776
150000;0.0185272;0.018762;0.0125151
151000;0.0191803;0.018762;0.0222952
152000;0.0187898;0.018762;0.00147823
153000;0.018904;0.018762;0.0075652
154000;0.0189794;0.018762;0.0115863
155000;0.0188625;0.018762;0.00535517
156000;0.0189804;0.018762;0.0116406
157000;0.0185031;0.018762;0.0137987
158000;0.0187438;0.018762;0.000971617
159000;0.0189086;0.018762;0.0078123
160000;0.0183834;0.018762;0.0201804
161000;0.019491;0.018762;0.0388552
162000;0.0189681;0.018762;0.0109834
163000;0.0186849;0.018762;0.00411161
164000;0.0183615;0.018762;0.0213476
165000;0.0187344;0.018762;0.00147431
166000;0.0192528;0.018762;0.0261599
167000;0.0187303;0.018762;0.00169005
168000;0.0187053;0.018762;0.00302214
169000;0.0187302;0.018762;0.00169608
170000;0.0189479;0.018762;0.00990552
171000;0.018975;0.018762;0.0113542
172000;0.0187127;0.018762;0.00263106
173000;0.019113;0.018762;0.0187047
174000;0.0186992;0.018762;0.00334758
175000;0.0185391;0.018762;0.0118813
176000;0.0186019;0.018762;0.00853307
177000;0.0190918;0.018762;0.0175798
178000;0.0193223;0.018762;0.0298623
179000;0.0186321;0.018762;0.00692279
180000;0.0192591;0.018762;0.0264932
181000;0.0187834;0.018762;0.00113974
182000;0.0190263;0.018762;0.014085
183000;0.0186933;0.018762;0.00366382
184000;0.0191086;0.018762;0.0184752
185000;0.0185361;0.018762;0.0120391
186000;0.0187081;0.018762;0.00287417
187000;0.0190561;0.018762;0.0156741
188000;0.0184932;0.018762;0.0143265
189000;0.018781;0.018762;0.00101115
190000;0.0190694;0.018762;0.0163822
191000;0.0187225;0.018762;0.002107
192000;0.0188929;0.018762;0.00697719
193000;0.0190641;0.018762;0.0160994
194000;0.0184621;0.018762;0.0159835
195000;0.0189206;0.018762;0.00845369
196000;0.0189885;0.018762;0.0120727
197000;0.0189824;0.018762;0.0117456
198000;0.0186093;0.018762;0.0081384
199000;0.0187483;0.018762;0.000731316
200000;0.0187169;0.018762;0.00240721
201000;0.0191796;0.018762;0.0222583
202000;0.0189348;0.018762;0.00920692
203000;0.0183145;0.018762;0.0238538
204000;0.0187054;0.018762;0.00301504
205000;0.0185416;0.018762;0.0117486
206000;0.0184255;0.018762;0.0179358
207000;0.0186793;0.018762;0.00441077
208000;0.0190826;0.018762;0.0170867
209000;0.0185974;0.018762;0.00877258
210000;0.0183561;0.018762;0.0216364
211000;0.0186119;0.018762;0.00800048
212000;0.0182627;0.018762;0.0266108
213000;0.019132;0.018762;0.0197176
214000;0.0188074;0.018762;0.00242098
215000;0.0187751;0.018762;0.000699937
216000;0.0186788;0.018762;0.00443461
217000;0.0193198;0.018762;0.0297313
218000;0.0187053;0.018762;0.00302298
219000;0.0188484;0.018762;0.00460571
220000;0.0188561;0.018762;0.00501475
221000;0.0190509;0.018762;0.0153969
222000;0.0186484;0.018762;0.00605498
223000;0.0185388;0.018762;0.0118969
224000;0.0186204;0.018762;0.00754922
225000;0.0188978;0.018762;0.00723949
226000;0.0188517;0.018762;0.00477767
227000;0.018567;0.018762;0.0103955
228000;0.0186906;0.018762;0.00380788
229000;0.0185497;0.018762;0.0113158
230000;0.0189418;0.018762;0.00958331
231000;0.0188118;0.018762;0.00265296
232000;0.0186429;0.018762;0.00634748
233000;0.0188674;0.018762;0.00561513
234000;0.0185073;0.018762;0.013574
235000;0.0189965;0.018762;0.0125003
236000;0.019166;0.018762;0.0215312
237000;0.0189054;0.018762;0.00764021
238000;0.0186943;0.018762;0.00361143
239000;0.0182756;0.018762;0.0259231
240000;0.0185558;0.018762;0.0109923
241000;0.0190245;0.018762;0.013988
242000;0.0186528;0.018762;0.00582173
243000;0.0186728;0.018762;0.00475699
244000;0.0191413;0.018762;0.0202179
245000;0.0185945;0.018762;0.00892886
246000;0.018858;0.018762;0.00511808
247000;0.0188694;0.018762;0.00572318
248000;0.0187631;0.018762;5.63931e-05
249000;0.0189879;0.018762;0.0120412
250000;0.0185346;0.018762;0.0121193
251000;0.0190871;0.018762;0.0173275
252000;0.0187152;0.018762;0.00249719
253000;0.0183699;0.018762;0.0209001
254000;0.0185663;0.018762;0.0104292
255000;0.0187859;0.018762;0.00127084
256000;0.0185768;0.018762;0.00986942
257000;0.0186785;0.018762;0.00444961
258000;0.0189569;0.018762;0.0103885
259000;0.0189892;0.018762;0.0121082
260000;0.0182827;0.018762;0.0255469
261000;0.018754;0.018762;0.000426468
262000;0.0188733;0.018762;0.00593385
263000;0.0188381;0.018762;0.00405367
264000;0.0190011;0.018762;0.0127405
265000;0.0184505;0.018762;0.0166029
266000;0.0185576;0.018762;0.010893
267000;0.0190921;0.018762;0.0175913
268000;0.0189683;0.018762;0.0109957
269000;0.0189388;0.018762;0.00942189
270000;0.018895;0.018762;0.0070864
271000;0.0186643;0.018762;0.00521049
272000;0.0189907;0.018762;0.0121872
273000;0.0186602;0.018762;0.00542442
274000;0.0189766;0.018762;0.0114385
275000;0.018851;0.018762;0.00474463
276000;0.0186829;0.018762;0.00421748
277000;0.0190474;0.018762;0.015211
278000;0.0183821;0.018762;0.0202509
279000;0.0187931;0.018762;0.00165503
280000;0.018332;0.018762;0.0229201
281000;0.0188404;0.018762;0.00417695
282000;0.0187559;0.018762;0.000328014
283000;0.0188389;0.018762;0.00409548
284000;0.0186843;0.018762;0.00414332
285000;0.0189513;0.018762;0.010088
286000;0.0182363;0.018762;0.0280195
287000;0.0183971;0.018762;0.0194499
288000;0.0183127;0.018762;0.0239496
289000;0.0190811;0.018762;0.0170088
290000;0.0190774;0.018762;0.0168099
291000;0.0188689;0.018762;0.00569782
292000;0.0183384;0.018762;0.0225805
293000;0.018582;0.018762;0.00959692
294000;0.01862;0.018762;0.00757136
295000;0.0188745;0.018762;0.00599415
296000;0.0186527;0.018762;0.00582456
297000;0.018372;0.018762;0.0207898
298000;0.0186312;0.018762;0.00697353
299000;0.01881;0.018762;0.0025601
300000;0.0187739;0.018762;0.000632218
301000;0.0187117;0.018762;0.00267924
302000;0.0187363;0.018762;0.00137132
303000;0.0187402;0.018762;0.0011602
304000;0.0187941;0.018762;0.00170781
305000;0.0185366;0.018762;0.012014
306000;0.0189163;0.018762;0.00822066
307000;0.0186251;0.018762;0.00729593
308000;0.019109;0.018762;0.0184933
309000;0.018826;0.018762;0.00341287
310000;0.0185672;0.018762;0.010381
311000;0.0187994;0.018762;0.00199351
312000;0.0184924;0.018762;0.0143684
313000;0.0188004;0.018762;0.00204541
314000;0.0189347;0.018762;0.00920388
315000;0.018444;0.018762;0.0169514
316000;0.0188464;0.018762;0.00449508
317000;0.0185175;0.018762;0.0130309
318000;0.0187833;0.018762;0.00113634
319000;0.0186604;0.018762;0.00541693
320000;0.0187563;0.018762;0.000303285
321000;0.018997;0.018762;0.0125257
322000;0.0190774;0.018762;0.0168123
323000;0.0188125;0.018762;0.00269281
324000;0.0185815;0.018762;0.00962239
325000;0.0186513;0.018762;0.00589917
326000;0.0188062;0.018762;0.00235515
327000;0.0187947;0.018762;0.00173952
328000;0.0189048;0.018762;0.00761229
329000;0.0184367;0.018762;0.0173374
330000;0.0186563;0.018762;0.00563673
331000;0.0189854;0.018762;0.0119085
332000;0.0187938;0.018762;0.00169178
333000;0.0189634;0.018762;0.0107347
334000;0.0183299;0.018762;0.0230306
335000;0.0188205;0.018762;0.00311671
336000;0.0186624;0.018762;0.00531021
337000;0.0186655;0.018762;0.00514562
338000;0.0187657;0.018762;0.000197244
339000;0.0188302;0.018762;0.00363674
340000;0.0187691;0.018762;0.000378258
341000;0.0189245;0.018762;0.00865978
342000;0.0190178;0.018762;0.0136329
343000;0.0189048;0.018762;0.00761263
344000;0.0184881;0.018762;0.0145972
345000;0.0189448;0.018762;0.00974382
346000;0.018984;0.018762;0.0118308
347000;0.0188389;0.018762;0.00409747
348000;0.019011;0.018762;0.0132725
349000;0.0188638;0.018762;0.00542472
350000;0.0186186;0.018762;0.00764258
351000;0.0191141;0.018762;0.0187644
352000;0.0186118;0.018762;0.00800565
353000;0.0190083;0.018762;0.0131285
354000;0.0187279;0.018762;0.00181833
355000;0.0185323;0.018762;0.0122425
356000;0.0188726;0.018762;0.00589295
357000;0.0189617;0.018762;0.010645
358000;0.0186049;0.018762;0.00837577
359000;0.0186141;0.018762;0.00788208
360000;0.0187744;0.018762;0.000658488
361000;0.0185377;0.018762;0.0119573
362000;0.0187071;0.018762;0.00292569
363000;0.0188606;0.018762;0.00525683
364000;0.0188697;0.018762;0.00573815
365000;0.0188418;0.018762;0.00425096
366000;0.0191216;0.018762;0.0191646
367000;0.0186338;0.018762;0.00683275
368000;0.0188536;0.018762;0.00488205
369000;0.0188269;0.018762;0.00345767
370000;0.0185007;0.018762;0.0139263
371000;0.0191354;0.018762;0.0199001
372000;0.018806;0.018762;0.00234568
373000;0.0185093;0.018762;0.0134671
374000;0.0189151;0.018762;0.00815881
375000;0.0186287;0.018762;0.00710478
376000;0.0185487;0.018762;0.0113682
377000;0.0187528;0.018762;0.000491664
378000;0.0187684;0.018762;0.000342199
379000;0.0188877;0.018762;0.00669866
380000;0.018701;0.018762;0.00325186
381000;0.0188829;0.018762;0.00644561
382000;0.0190316;0.018762;0.0143674
383000;0.0187023;0.018762;0.00318402
384000;0.0188122;0.018762;0.00267328
385000;0.018764;0.018762;0.000105681
386000;0.0189966;0.018762;0.0125051
387000;0.0187048;0.018762;0.00305083
388000;0.0188564;0.018762;0.00503185
389000;0.018982;0.018762;0.0117236
390000;0.018698;0.018762;0.00341461
391000;0.0188559;0.018762;0.0050034
392000;0.0187254;0.018762;0.00195203
393000;0.0188207;0.018762;0.00312577
394000;0.0187942;0.018762;0.00171366
395000;0.0187053;0.018762;0.00302317
396000;0.0190347;0.018762;0.0145317
397000;0.0187332;0.018762;0.00153479
398000;0.0186722;0.018762;0.00478763
399000;0.0187567;0.018762;0.000280793
400000;0.0187959;0.018762;0.00180675
401000;0.0186281;0.018762;0.00713967
402000;0.0188632;0.018762;0.00539416
403000;0.0191091;0.018762;0.018501
404000;0.0185238;0.018762;0.0126971
405000;0.0187527;0.018762;0.000497429
406000;0.0186843;0.018762;0.00414059
407000;0.0187595;0.018762;0.000133733
408000;0.0186758;0.018762;0.0045942
409000;0.0187139;0.018762;0.00256389
410000;0.0185348;0.018762;0.0121097
411000;0.0187709;0.018762;0.000470792
412000;0.0187931;0.018762;0.0016566
413000;0.0187989;0.018762;0.00196465
414000;0.0184074;0.018762;0.0188994
415000;0.0186486;0.018762;0.00604581
416000;0.0188789;0.018762;0.0062271
417000;0.0183979;0.018762;0.0194084
418000;0.0188604;0.018762;0.00524521
419000;0.0188643;0.018762;0.00544982
420000;0.0185157;0.018762;0.0131289
421000;0.0188231;0.018762;0.00325632
422000;0.0188382;0.018762;0.00406072
423000;0.0185731;0.018762;0.0100667
424000;0.01886;0.018762;0.00522313
425000;0.0188438;0.018762;0.00436037
426000;0.0187654;0.018762;0.000177675
427000;0.018578;0.018762;0.00980686
428000;0.0187549;0.018762;0.000377516
429000;0.0187872;0.018762;0.00134308
430000;0.0186485;0.018762;0.00605229
431000;0.0186762;0.018762;0.00457558
432000;0.0188848;0.018762;0.0065427
433000;0.0186642;0.018762;0.00521157
434000;0.0188525;0.018762;0.00482389
435000;0.0187541;0.018762;0.000421068
436000;0.0187531;0.018762;0.000473832
437000;0.0187218;0.018762;0.00214302
438000;0.0188429;0.018762;0.00431015
439000;0.0188786;0.018762;0.0062114
440000;0.018943;0.018762;0.00964828
441000;0.018688;0.018762;0.00394501
442000;0.0189045;0.018762;0.00759638
443000;0.0187751;0.018762;0.000695044
444000;0.0185923;0.018762;0.0090466
445000;0.0189576;0.018762;0.010422
446000;0.0187311;0.018762;0.00164644
447000;0.0186634;0.018762;0.00525507
448000;0.0187656;0.018762;0.000192004
449000;0.0187542;0.018762;0.000415644
450000;0.0190267;0.018762;0.0141074
451000;0.0187601;0.018762;0.000102671
452000;0.0184353;0.018762;0.0174157
453000;0.0187348;0.018762;0.00144971
454000;0.0186749;0.018762;0.00464563
455000;0.0186989;0.018762;0.00336218
456000;0.018635;0.018762;0.00677164
457000;0.0190261;0.018762;0.0140757
458000;0.0186261;0.018762;0.00724511
459000;0.0183864;0.018762;0.0200187
460000;0.0187654;0.018762;0.000182743
461000;0.018567;0.018762;0.0103946
462000;0.018706;0.018762;0.00298596
463000;0.018761;0.018762;5.33092e-05
464000;0.0192236;0.018762;0.024601
465000;0.0188199;0.018762;0.00308366
466000;0.0188661;0.018762;0.00554783
467000;0.0185945;0.018762;0.00893068
468000;0.0186391;0.018762;0.00654885
469000;0.0187097;0.018762;0.00278814
470000;0.0185679;0.018762;0.0103459
471000;0.0187102;0.018762;0.00276235
472000;0.0185393;0.018762;0.0118685
473000;0.0190012;0.018762;0.0127493
474000;0.0188343;0.018762;0.00385452
475000;0.01877;0.018762;0.00042545
476000;0.0186929;0.018762;0.00368221
477000;0.018809;0.018762;0.0025033
478000;0.0187205;0.018762;0.0022114
479000;0.0186866;0.018762;0.00402171
480000;0.0187801;0.018762;0.000961621
481000;0.0186907;0.018762;0.00380212
482000;0.0189777;0.018762;0.0114975
483000;0.0185741;0.018762;0.0100159
484000;0.0186142;0.018762;0.00788097
485000;0.0187475;0.018762;0.000774612
486000;0.0188871;0.018762;0.00666642
487000;0.0188609;0.018762;0.00527282
488000;0.0186619;0.018762;0.00533552
489000;0.0185345;0.018762;0.0121243
490000;0.0186839;0.018762;0.00416133
491000;0.0185709;0.018762;0.0101867
492000;0.018755;0.018762;0.000371492
493000;0.0187996;0.018762;0.00200335
494000;0.0186844;0.018762;0.00413496
495000;0.0185886;0.018762;0.00924201
496000;0.0187959;0.018762;0.00180339
497000;0.0189133;0.018762;0.00806357
498000;0.0187638;0.018762;9.67914e-05
499000;0.0186729;0.018762;0.00475068
500000;0.0188916;0.018762;0.00690536
501000;0.0187426;0.018762;0.00103523
502000;0.0185999;0.018762;0.00864025
503000;0.0183649;0.018762;0.0211686
504000;0.0189348;0.018762;0.00920861
505000;0.0188162;0.018762;0.00288629
506000;0.0188755;0.018762;0.006049
507000;0.0188831;0.018762;0.00645421
508000;0.018741;0.018762;0.00111897
509000;0.0189204;0.018762;0.00843994
510000;0.0188991;0.018762;0.00730374
511000;0.0188903;0.018762;0.00683477
512000;0.0184826;0.018762;0.0148911
513000;0.018689;0.018762;0.00389254
514000;0.0187013;0.018762;0.0032345
515000;0.0188579;0.018762;0.00511302
516000;0.018609;0.018762;0.00815316
517000;0.0189109;0.018762;0.00793494
518000;0.0188017;0.018762;0.0021127
519000;0.0189489;0.018762;0.00996073
520000;0.0190744;0.018762;0.0166475
521000;0.0189066;0.018762;0.00770567
522000;0.0190214;0.018762;0.0138226
523000;0.0189799;0.018762;0.0116104
524000;0.018676;0.018762;0.00458324
525000;0.0185163;0.018762;0.0130968
526000;0.0188445;0.018762;0.00439587
527000;0.0186851;0.018762;0.00409929
528000;0.0187167;0.018762;0.00241799
529000;0.0184938;0.018762;0.0142954
530000;0.0189579;0.018762;0.0104392
531000;0.0187753;0.018762;0.00070589
532000;0.0187845;0.018762;0.00120087
533000;0.0190485;0.018762;0.0152681
534000;0.0186521;0.018762;0.00585974
535000;0.018708;0.018762;0.00288108
536000;0.0186006;0.018762;0.00860108
537000;0.0184619;0.018762;0.0159985
538000;0.0188889;0.018762;0.00676539
539000;0.0189475;0.018762;0.00988664
540000;0.0188544;0.018762;0.00492418
541000;0.0188487;0.018762;0.0046202
542000;0.0187198;0.018762;0.0022504
543000;0.0188366;0.018762;0.00397697
544000;0.0186218;0.018762;0.0074755
545000;0.0187521;0.018762;0.000529178
546000;0.018891;0.018762;0.00687219
547000;0.0187336;0.018762;0.00151447
548000;0.0186698;0.018762;0.00491689
549000;0.0189258;0.018762;0.00872846
550000;0.0186497;0.018762;0.00598809
551000;0.0187286;0.018762;0.00178263
552000;0.0189152;0.018762;0.00816693
553000;0.0188165;0.018762;0.00290278
554000;0.0189621;0.018762;0.0106642
555000;0.0189109;0.018762;0.00793745
556000;0.0185492;0.018762;0.011342
557000;0.0186285;0.018762;0.00711868
558000;0.0190318;0.018762;0.0143795
559000;0.0188613;0.018762;0.00529186
560000;0.0186935;0.018762;0.00364991
561000;0.0186956;0.018762;0.00353754
562000;0.0189546;0.018762;0.0102645
563000;0.0187618;0.018762;1.15821e-05
564000;0.0186814;0.018762;0.00429482
565000;0.0186698;0.018762;0.00491297
566000;0.0187087;0.018762;0.00284095
567000;0.0187352;0.018762;0.00142725
568000;0.0187598;0.018762;0.000116877
569000;0.0186979;0.018762;0.00341844
570000;0.018835;0.018762;0.00388933
571000;0.0188667;0.018762;0.00557741
572000;0.0189007;0.018762;0.00739128
573000;0.0187458;0.018762;0.000862825
574000;0.018673;0.018762;0.00474467
575000;0.018682;0.018762;0.00426744
576000;0.0188129;0.018762;0.00271187
577000;0.01876;0.018762;0.00010936
578000;0.0189734;0.018762;0.0112689
579000;0.0185431;0.018762;0.0116699
580000;0.0187045;0.018762;0.00306553
581000;0.0188092;0.018762;0.00251273
582000;0.0188807;0.018762;0.00632633
583000;0.01861;0.018762;0.00810296
584000;0.0185765;0.018762;0.00989002
585000;0.0187736;0.018762;0.000619806
586000;0.0188592;0.018762;0.00517875
587000;0.0187539;0.018762;0.000433345
588000;0.0190767;0.018762;0.0167716
589000;0.0189102;0.018762;0.007897
590000;0.0187848;0.018762;0.00121475
591000;0.0188009;0.018762;0.00207275
592000;0.018904;0.018762;0.00756967
593000;0.0187793;0.018762;0.000923601
594000;0.0185839;0.018762;0.00949533
595000;0.0186324;0.018762;0.00690932
596000;0.0187146;0.018762;0.00252868
597000;0.0188953;0.018762;0.00710211
598000;0.0187128;0.018762;0.00262119
599000;0.0186769;0.018762;0.00453742
600000;0.0186845;0.018762;0.00413204
601000;0.0189018;0.018762;0.00744909
602000;0.0189005;0.018762;0.00738028
603000;0.0185668;0.018762;0.0104043
604000;0.0188749;0.018762;0.00601693
605000;0.0185612;0.018762;0.0107052
606000;0.0187001;0.018762;0.00330267
607000;0.0189916;0.018762;0.0122376
608000;0.0186763;0.018762;0.00457002
609000;0.0186262;0.018762;0.00723947
610000;0.0186218;0.018762;0.00747611
611000;0.018857;0.018762;0.00506053
612000;0.0187628;0.018762;4.38476e-05
613000;0.0187903;0.018762;0.00150668
614000;0.0184816;0.018762;0.0149457
615000;0.0187943;0.018762;0.00171812
616000;0.0187701;0.018762;0.000430462
617000;0.0186901;0.018762;0.00383164
618000;0.0186984;0.018762;0.00339255
619000;0.0184266;0.018762;0.0178781
620000;0.0186367;0.018762;0.00667766
621000;0.0187246;0.018762;0.0019954
622000;0.0188163;0.018762;0.00289527
623000;0.0188232;0.018762;0.00326003
624000;0.0185485;0.018762;0.0113815
625000;0.0188443;0.018762;0.0043843
626000;0.018576;0.018762;0.00991215
627000;0.018623;0.018762;0.00741012
628000;0.018915;0.018762;0.00815356
629000;0.0188726;0.018762;0.00589462
630000;0.0185401;0.018762;0.0118278
631000;0.0187689;0.018762;0.000365394
632000;0.0186162;0.018762;0.00777063
633000;0.01867;0.018762;0.0049039
634000;0.0186702;0.018762;0.00489524
635000;0.0187649;0.018762;0.000155614
636000;0.0187381;0.018762;0.00127499
637000;0.0186911;0.018762;0.003781
638000;0.0188529;0.018762;0.00484311
639000;0.0188728;0.018762;0.00590689
640000;0.0186339;0.018762;0.0068275
641000;0.0192537;0.018762;0.0262072
642000;0.0188235;0.018762;0.00327757
643000;0.0188924;0.018762;0.00694676
644000;0.0190243;0.018762;0.0139808
645000;0.0189029;0.018762;0.00750663
646000;0.0187993;0.018762;0.00198527
647000;0.0188574;0.018762;0.00508382
648000;0.0184821;0.018762;0.0149201
649000;0.0186179;0.018762;0.00768019
650000;0.0188364;0.018762;0.00396342
651000;0.0188656;0.018762;0.00551968
652000;0.0187102;0.018762;0.00276157
653000;0.0186272;0.018762;0.00718373
654000;0.0189261;0.018762;0.00874605
655000;0.0189413;0.018762;0.00955318
656000;0.0187917;0.018762;0.00158175
657000;0.0186888;0.018762;0.00390362
658000;0.0186685;0.018762;0.00498334
659000;0.0186217;0.018762;0.00747797
660000;0.0185824;0.018762;0.00957503
661000;0.0188012;0.018762;0.00208956
662000;0.0189538;0.018762;0.0102214
663000;0.018645;0.018762;0.00623433
664000;0.0186553;0.018762;0.00568618
665000;0.0186504;0.018762;0.0059514
666000;0.0187726;0.018762;0.000561879
667000;0.0187286;0.018762;0.00178361
668000;0.0186642;0.018762;0.00521583
669000;0.0186073;0.018762;0.00824578
670000;0.0188122;0.018762;0.00267432
671000;0.0189561;0.018762;0.0103443
672000;0.0186746;0.018762;0.00466169
673000;0.0187033;0.018762;0.00313169
674000;0.0187668;0.018762;0.000253161
675000;0.0189241;0.018762;0.00863982
676000;0.0187138;0.018762;0.00257143
677000;0.0186266;0.018762;0.00721731
678000;0.0187324;0.018762;0.00157923
679000;0.0189158;0.018762;0.00819732
680000;0.0188019;0.018762;0.0021235
681000;0.0187299;0.018762;0.00170926
682000;0.0190494;0.018762;0.0153177
683000;0.018943;0.018762;0.009647
684000;0.018841;0.018762;0.00420747
685000;0.0188228;0.018762;0.00323763
686000;0.0185971;0.018762;0.00879024
687000;0.0187844;0.018762;0.0011924
688000;0.0185979;0.018762;0.00874894
689000;0.0186219;0.018762;0.00746855
690000;0.0188304;0.018762;0.00364728
691000;0.0185237;0.018762;0.0127046
692000;0.0186413;0.018762;0.00643382
693000;0.0184413;0.018762;0.0170946
694000;0.0188392;0.018762;0.00411116
695000;0.0187951;0.018762;0.00176467
696000;0.0188173;0.018762;0.00294591
697000;0.0189054;0.018762;0.00764152
698000;0.0190084;0.018762;0.013131
699000;0.018677;0.018762;0.00453093
700000;0.0187225;0.018762;0.00210361
701000;0.0190204;0.018762;0.0137742
702000;0.0187267;0.018762;0.00188135
703000;0.0189417;0.018762;0.00957805
704000;0.0190797;0.018762;0.0169336
705000;0.0186326;0.018762;0.00689652
706000;0.0187293;0.018762;0.0017428
707000;0.018792;0.018762;0.00159646
708000;0.0187977;0.018762;0.00190172
709000;0.0189376;0.018762;0.00935696
710000;0.0187525;0.018762;0.000506149
711000;0.0185955;0.018762;0.00887718
712000;0.0185362;0.018762;0.0120368
713000;0.0188353;0.018762;0.00390717
714000;0.018636;0.018762;0.00671739
715000;0.0188866;0.018762;0.00664025
716000;0.0187919;0.018762;0.00159318
717000;0.0188851;0.018762;0.00655989
718000;0.0187987;0.018762;0.00195379
719000;0.0187259;0.018762;0.00192493
720000;0.0187713;0.018762;0.000495275
721000;0.0188417;0.018762;0.00424951
722000;0.0187967;0.018762;0.00184896
723000;0.0187025;0.018762;0.00317108
724000;0.0186963;0.018762;0.00350287
725000;0.0188554;0.018762;0.00497773
726000;0.0189103;0.018762;0.00790276
727000;0.0186367;0.018762;0.00668158
728000;0.0187068;0.018762;0.00294367
729000;0.0189209;0.018762;0.00846856
730000;0.018644;0.018762;0.00628787
731000;0.0186962;0.018762;0.00350699
732000;0.0189014;0.018762;0.00743074
733000;0.0186772;0.018762;0.00452159
734000;0.0189175;0.018762;0.00828726
735000;0.0187943;0.018762;0.00172097
736000;0.0186977;0.018762;0.00342817
737000;0.0189009;0.018762;0.00740485
738000;0.0187628;0.018762;4.03215e-05
739000;0.0186917;0.018762;0.00374628
740000;0.0189071;0.018762;0.00773035
741000;0.0188132;0.018762;0.00272646
742000;0.0186853;0.018762;0.00408681
743000;0.0187886;0.018762;0.00141632
744000;0.0186759;0.018762;0.00459246
745000;0.0188037;0.018762;0.00221921
746000;0.0185966;0.018762;0.0088168
747000;0.0188012;0.018762;0.00208858
748000;0.0186133;0.018762;0.00792431
749000;0.0187912;0.018762;0.001556
750000;0.0187608;0.018762;6.26991e-05
751000;0.0187438;0.018762;0.000972591
752000;0.0188265;0.018762;0.00343511
753000;0.0186445;0.018762;0.00626181
754000;0.018651;0.018762;0.00591667
755000;0.0187298;0.018762;0.00171712
756000;0.0188126;0.018762;0.00269618
757000;0.0187798;0.018762;0.000947614
758000;0.0187599;0.018762;0.000113421
759000;0.0188426;0.018762;0.00429259
760000;0.0186543;0.018762;0.00574091
761000;0.018605;0.018762;0.0083668
762000;0.0189835;0.018762;0.0118056
763000;0.0186729;0.018762;0.00474765
764000;0.0187056;0.018762;0.00300683
765000;0.0188779;0.018762;0.00617781
766000;0.018676;0.018762;0.00458304
767000;0.018753;0.018762;0.000479966
768000;0.0186953;0.018762;0.00355761
769000;0.0188851;0.018762;0.00656138
770000;0.0186649;0.018762;0.00517517
771000;0.0188056;0.018762;0.0023244
772000;0.0187718;0.018762;0.000520813
773000;0.0187502;0.018762;0.000630158
774000;0.0187274;0.018762;0.00184265
775000;0.018767;0.018762;0.000266613
776000;0.0186944;0.018762;0.0036056
777000;0.0188019;0.018762;0.00212722
778000;0.0187161;0.018762;0.00244899
779000;0.0186468;0.018762;0.00614067
780000;0.0186452;0.018762;0.00622613
781000;0.0187866;0.018762;0.00131281
782000;0.0188498;0.018762;0.00467651
783000;0.0187857;0.018762;0.00126409
784000;0.0187144;0.018762;0.00253814
785000;0.0188191;0.018762;0.00304069
786000;0.01878;0.018762;0.000957217
787000;0.0188369;0.018762;0.00399289
788000;0.0189404;0.018762;0.00950586
789000;0.0186374;0.018762;0.00664459
790000;0.0189402;0.018762;0.00949722
791000;0.0189637;0.018762;0.0107514
792000;0.0186194;0.018762;0.00760398
793000;0.0188443;0.018762;0.00438515
794000;0.0186069;0.018762;0.008266
795000;0.0190691;0.018762;0.0163681
796000;0.0187196;0.018762;0.0022584
797000;0.0186184;0.018762;0.00765633
798000;0.0186397;0.018762;0.00652042
799000;0.0187761;0.018762;0.000750267
800000;0.0186888;0.018762;0.00390199
801000;0.0189954;0.018762;0.012437
802000;0.0188551;0.018762;0.00496343
803000;0.0187693;0.018762;0.00038768
804000;0.0188856;0.018762;0.00658908
805000;0.0187475;0.018762;0.000775149
806000;0.0189538;0.018762;0.0102195
807000;0.0189038;0.018762;0.00755508
808000;0.0188284;0.018762;0.00354049
809000;0.0185476;0.018762;0.0114309
810000;0.0188491;0.018762;0.00463976
811000;0.0190053;0.018762;0.0129678
812000;0.0187214;0.018762;0.00216247
813000;0.0189175;0.018762;0.00828724
814000;0.0188054;0.018762;0.00231105
815000;0.0186692;0.018762;0.00494594
816000;0.0187947;0.018762;0.00174264
817000;0.0188511;0.018762;0.00474713
818000;0.0185671;0.018762;0.0103887
819000;0.0188774;0.018762;0.00614829
820000;0.0187328;0.018762;0.00155912
821000;0.0183949;0.018762;0.0195665
822000;0.0187955;0.018762;0.00178367
823000;0.0188085;0.018762;0.00247673
824000;0.0187304;0.018762;0.00168511
825000;0.0189594;0.018762;0.0105192
826000;0.0185682;0.018762;0.0103327
827000;0.0188062;0.018762;0.00235732
828000;0.0188498;0.018762;0.00467783
829000;0.0187595;0.018762;0.000134271
830000;0.0185187;0.018762;0.0129689
831000;0.018678;0.018762;0.00447991
832000;0.018785;0.018762;0.00122249
833000;0.0189532;0.018762;0.0101878
834000;0.018843;0.018762;0.00431695
835000;0.0186175;0.018762;0.0077037
836000;0.0188008;0.018762;0.00206938
837000;0.0188523;0.018762;0.00481018
838000;0.0187828;0.018762;0.00110606
839000;0.018628;0.018762;0.0071428
840000;0.0187422;0.018762;0.00105421
841000;0.0188126;0.018762;0.00269358
842000;0.0187175;0.018762;0.00237472
843000;0.0186667;0.018762;0.00508148
844000;0.0187998;0.018762;0.00201347
845000;0.0187497;0.018762;0.000655073
846000;0.0187373;0.018762;0.00131495
847000;0.0189047;0.018762;0.00760288
848000;0.0188032;0.018762;0.00219553
849000;0.0186727;0.018762;0.00475949
850000;0.0188312;0.018762;0.0036883
851000;0.0187411;0.018762;0.00111401
852000;0.0188197;0.018762;0.00307664
853000;0.0186617;0.018762;0.0053489
854000;0.0188564;0.018762;0.0050325
855000;0.0187568;0.018762;0.000277319
856000;0.0187293;0.018762;0.00174608
857000;0.0189324;0.018762;0.0090802
858000;0.0189415;0.018762;0.00956855
859000;0.018583;0.018762;0.00954207
860000;0.0186162;0.018762;0.0077743
861000;0.0190202;0.018762;0.0137627
862000;0.01854;0.018762;0.0118347
863000;0.0188591;0.018762;0.00517483
864000;0.0189321;0.018762;0.00906458
865000;0.0187819;0.018762;0.00105738
866000;0.0185354;0.018762;0.0120763
867000;0.0185738;0.018762;0.0100317
868000;0.0187686;0.018762;0.000353011
869000;0.0188681;0.018762;0.00565221
870000;0.0186109;0.018762;0.00805556
871000;0.0187375;0.018762;0.0013049
872000;0.0187448;0.018762;0.000918998
873000;0.0186695;0.018762;0.00493283
874000;0.0187499;0.018762;0.000644708
875000;0.018929;0.018762;0.00890016
876000;0.018781;0.018762;0.00101433
877000;0.0187011;0.018762;0.00324601
878000;0.0189334;0.018762;0.00913367
879000;0.0188781;0.018762;0.00618792
880000;0.0186786;0.018762;0.00444805
881000;0.0185675;0.018762;0.0103668
882000;0.0187469;0.018762;0.000804834
883000;0.0187626;0.018762;3.21374e-05
884000;0.018787;0.018762;0.00132991
885000;0.0187898;0.018762;0.00148296
886000;0.0187901;0.018762;0.00149724
887000;0.0187015;0.018762;0.00322296
888000;0.018814;0.018762;0.00277329
889000;0.0185575;0.018762;0.0108981
890000;0.0187166;0.018762;0.00241804
891000;0.0186691;0.018762;0.00495083
892000;0.0187054;0.018762;0.00301724
893000;0.0188158;0.018762;0.00286494
894000;0.0184462;0.018762;0.0168311
895000;0.0186381;0.018762;0.00660377
896000;0.0187965;0.018762;0.00183609
897000;0.018847;0.018762;0.00452809
898000;0.0189066;0.018762;0.00770454
899000;0.0189208;0.018762;0.00846076
900000;0.0188835;0.018762;0.00647235
901000;0.0186963;0.018762;0.00350486
902000;0.0187545;0.018762;0.000398919
903000;0.0189653;0.018762;0.0108334
904000;0.0187981;0.018762;0.00192404
905000;0.0187415;0.018762;0.00109359
906000;0.0188705;0.018762;0.00577965
907000;0.0188491;0.018762;0.00464109
908000;0.0187441;0.018762;0.000957375
909000;0.0184945;0.018762;0.0142591
910000;0.0186499;0.018762;0.00597327
911000;0.0186665;0.018762;0.00508862
912000;0.0187663;0.018762;0.000226244
913000;0.0187189;0.018762;0.00229564
914000;0.0187069;0.018762;0.00293667
915000;0.0186469;0.018762;0.00613786
916000;0.0186821;0.018762;0.00425904
917000;0.0187493;0.018762;0.000677895
918000;0.0188717;0.018762;0.00584787
919000;0.0186628;0.018762;0.00528799
920000;0.0185425;0.018762;0.0116995
921000;0.0187704;0.018762;0.000447361
922000;0.0186601;0.018762;0.00542969
923000;0.0187555;0.018762;0.000346511
924000;0.0187693;0.018762;0.000389832
925000;0.0186919;0.018762;0.00373982
926000;0.0189258;0.018762;0.0087297
927000;0.0187201;0.018762;0.00223555
928000;0.0189138;0.018762;0.00808995
929000;0.018895;0.018762;0.00708621
930000;0.0187253;0.018762;0.00195494
931000;0.0187348;0.018762;0.00145197
932000;0.0186647;0.018762;0.00518707
933000;0.0187397;0.018762;0.00119076
934000;0.0189737;0.018762;0.0112799
935000;0.0188867;0.018762;0.00664543
936000;0.0187703;0.018762;0.000441299
937000;0.0187556;0.018762;0.000344661
938000;0.0187102;0.018762;0.00276069
939000;0.0187594;0.018762;0.000141529
940000;0.0188434;0.018762;0.00434005
941000;0.0185642;0.018762;0.010545
942000;0.018713;0.018762;0.00261265
943000;0.0187854;0.018762;0.00124564
944000;0.018824;0.018762;0.00330368
945000;0.018768;0.018762;0.000316538
946000;0.0187586;0.018762;0.000182787
947000;0.0186863;0.018762;0.00403695
948000;0.0187146;0.018762;0.00252769
949000;0.0186624;0.018762;0.00530841
950000;0.0188712;0.018762;0.00581683
951000;0.0188359;0.018762;0.00393613
952000;0.0187982;0.018762;0.00192952
953000;0.0186933;0.018762;0.00366325
954000;0.0186585;0.018762;0.00551649
955000;0.0188669;0.018762;0.00558942
956000;0.0188086;0.018762;0.00248174
957000;0.0187057;0.018762;0.00299939
958000;0.0187041;0.018762;0.00308608
959000;0.0185478;0.018762;0.0114194
960000;0.0187371;0.018762;0.0013306
961000;0.0187429;0.018762;0.00102138
962000;0.0187815;0.018762;0.00103813
963000;0.0189768;0.018762;0.0114492
964000;0.018799;0.018762;0.00197254
965000;0.0185067;0.018762;0.0136073
966000;0.0186819;0.018762;0.00426908
967000;0.0187537;0.018762;0.0004442
968000;0.0188084;0.018762;0.00247038
969000;0.0188217;0.018762;0.00318237
970000;0.0188037;0.018762;0.00222349
971000;0.0188307;0.018762;0.00366189
972000;0.0187552;0.018762;0.00036296
973000;0.0187683;0.018762;0.000332258
974000;0.0186258;0.018762;0.00725814
975000;0.0188249;0.018762;0.00335332
976000;0.0186964;0.018762;0.00349636
977000;0.0187142;0.018762;0.00254658
978000;0.0185904;0.018762;0.00914691
979000;0.018814;0.018762;0.00276815
980000;0.0188421;0.018762;0.00426794
981000;0.0186282;0.018762;0.00713321
982000;0.0186924;0.018762;0.00371057
983000;0.0189421;0.018762;0.00959585
984000;0.0189221;0.018762;0.0085329
985000;0.0188606;0.018762;0.005252
986000;0.018701;0.018762;0.0032546
987000;0.0186427;0.018762;0.00636145
988000;0.0189001;0.018762;0.00735997
989000;0.0188661;0.018762;0.00554726
990000;0.0187876;0.018762;0.00136431
991000;0.0188965;0.018762;0.00716905
992000;0.0188367;0.018762;0.00398088
993000;0.0185622;0.018762;0.0106477
994000;0.0186367;0.018762;0.00668033
995000;0.0187382;0.018762;0.00126731
996000;0.0187007;0.018762;0.00326682
997000;0.0187432;0.018762;0.00100071
998000;0.0188301;0.018762;0.00362704
999000;0.0189911;0.018762;0.0122124
1000000;0.0188715;0.018762;0.0058371
