nSimulations;Vega_MC;Vega_BS;Relative_Error
1000;0;37.524;1
2000;0;37.524;1
3000;0;37.524;1
4000;-0.0970896;37.524;1.00259
5000;0;37.524;1
6000;0.138326;37.524;0.996314
7000;0.140648;37.524;0.996252
8000;-0.0686294;37.524;1.00183
9000;-0.000786637;37.524;1.00002
10000;-0.00232584;37.524;1.00006
11000;-0.0024209;37.524;1.00006
12000;0.0200645;37.524;0.999465
13000;-0.00335002;37.524;1.00009
14000;-8.79175e-05;37.524;1
15000;-0.00722717;37.524;1.00019
16000;0;37.524;1
17000;0.201268;37.524;0.994636
18000;-0.00224259;37.524;1.00006
19000;0.0015124;37.524;0.99996
20000;-1.22169;37.524;1.03256
21000;0.00139494;37.524;0.999963
22000;0.000296534;37.524;0.999992
23000;-0.00806285;37.524;1.00021
24000;-0.0506328;37.524;1.00135
25000;0.0252389;37.524;0.999327
26000;0.0106646;37.524;0.999716
27000;-0.00158884;37.524;1.00004
28000;-0.0414467;37.524;1.0011
29000;-0.0456049;37.524;1.00122
30000;-0.519693;37.524;1.01385
31000;-2.74417;37.524;1.07313
32000;0.00100787;37.524;0.999973
33000;-0.0657498;37.524;1.00175
34000;-0.00107481;37.524;1.00003
35000;-0.00939575;37.524;1.00025
36000;0.0022542;37.524;0.99994
37000;-6.33311e-05;37.524;1
38000;-0.00125382;37.524;1.00003
39000;-0.0233574;37.524;1.00062
40000;-0.000467972;37.524;1.00001
41000;-0.0196161;37.524;1.00052
42000;-0.00615063;37.524;1.00016
43000;-0.0979335;37.524;1.00261
44000;-0.0261794;37.524;1.0007
45000;-0.0299405;37.524;1.0008
46000;0.0290894;37.524;0.999225
47000;0.0065982;37.524;0.999824
48000;-41.5816;37.524;2.10813
49000;-7.90995;37.524;1.2108
50000;-0.0100508;37.524;1.00027
51000;0.0042294;37.524;0.999887
52000;-0.0096549;37.524;1.00026
53000;-0.0379397;37.524;1.00101
54000;8.99815;37.524;0.760203
55000;-0.311404;37.524;1.0083
56000;2.66094;37.524;0.929087
57000;-0.0265584;37.524;1.00071
58000;-0.0486069;37.524;1.0013
59000;-0.0060522;37.524;1.00016
60000;0.0191477;37.524;0.99949
61000;-0.938951;37.524;1.02502
62000;3.24732;37.524;0.91346
63000;-0.0158416;37.524;1.00042
64000;0.00112511;37.524;0.99997
65000;-0.0219947;37.524;1.00059
66000;-0.00810084;37.524;1.00022
67000;-0.00798922;37.524;1.00021
68000;0.103917;37.524;0.997231
69000;0.132916;37.524;0.996458
70000;-0.11185;37.524;1.00298
71000;-0.0305975;37.524;1.00082
72000;-0.00893394;37.524;1.00024
73000;0.126794;37.524;0.996621
74000;-0.177779;37.524;1.00474
75000;0.0309781;37.524;0.999174
76000;0.175369;37.524;0.995326
77000;0.279864;37.524;0.992542
78000;0.0353964;37.524;0.999057
79000;0.00132625;37.524;0.999965
80000;0.00454533;37.524;0.999879
81000;-0.0452089;37.524;1.0012
82000;-0.0349114;37.524;1.00093
83000;-0.0021909;37.524;1.00006
84000;-0.176769;37.524;1.00471
85000;-0.00790454;37.524;1.00021
86000;-0.0334157;37.524;1.00089
87000;-0.0127171;37.524;1.00034
88000;0.167238;37.524;0.995543
89000;-0.0394905;37.524;1.00105
90000;-0.0769841;37.524;1.00205
91000;-0.0273257;37.524;1.00073
92000;-4.84726;37.524;1.12918
93000;-0.00781443;37.524;1.00021
94000;-0.017813;37.524;1.00047
95000;-0.0800736;37.524;1.00213
96000;-15.9035;37.524;1.42382
97000;0.301663;37.524;0.991961
98000;-0.00355024;37.524;1.00009
99000;0.0290234;37.524;0.999227
100000;-0.0539058;37.524;1.00144
101000;-0.00667567;37.524;1.00018
102000;-0.0217874;37.524;1.00058
103000;-0.175102;37.524;1.00467
104000;-0.0305178;37.524;1.00081
105000;-0.00495195;37.524;1.00013
106000;0.00278093;37.524;0.999926
107000;0.0961903;37.524;0.997437
108000;-0.0103187;37.524;1.00027
109000;0.0254407;37.524;0.999322
110000;0.0489937;37.524;0.998694
111000;-0.107657;37.524;1.00287
112000;6.14569;37.524;0.83622
113000;-0.0273756;37.524;1.00073
114000;-0.0135232;37.524;1.00036
115000;-0.0194903;37.524;1.00052
116000;-0.00345089;37.524;1.00009
117000;-0.00259043;37.524;1.00007
118000;0.0211324;37.524;0.999437
119000;-0.00364438;37.524;1.0001
120000;-0.0252978;37.524;1.00067
121000;0.0290093;37.524;0.999227
122000;-5.23901;37.524;1.13962
123000;-0.0152029;37.524;1.00041
124000;-0.00126291;37.524;1.00003
125000;-0.00806468;37.524;1.00021
126000;0.411937;37.524;0.989022
127000;-0.00353627;37.524;1.00009
128000;0.0868348;37.524;0.997686
129000;-5.57692;37.524;1.14862
130000;-0.452837;37.524;1.01207
131000;-0.0100398;37.524;1.00027
132000;-0.0205025;37.524;1.00055
133000;-0.081335;37.524;1.00217
134000;-0.013045;37.524;1.00035
135000;0.021507;37.524;0.999427
136000;-0.00401617;37.524;1.00011
137000;0.0651613;37.524;0.998263
138000;-0.0207458;37.524;1.00055
139000;1.79858;37.524;0.952069
140000;-0.128173;37.524;1.00342
141000;-0.00741279;37.524;1.0002
142000;-0.115695;37.524;1.00308
143000;-0.128466;37.524;1.00342
144000;0.0293842;37.524;0.999217
145000;-0.0750047;37.524;1.002
146000;-0.0369593;37.524;1.00098
147000;-0.0387819;37.524;1.00103
148000;-0.0158608;37.524;1.00042
149000;-0.0329706;37.524;1.00088
150000;0.043273;37.524;0.998847
151000;-0.0168653;37.524;1.00045
152000;0.0101501;37.524;0.99973
153000;-30.8817;37.524;1.82298
154000;0.0706894;37.524;0.998116
155000;-0.0217509;37.524;1.00058
156000;-3.55384;37.524;1.09471
157000;0.00437314;37.524;0.999883
158000;-0.509236;37.524;1.01357
159000;-2.77619;37.524;1.07398
160000;-0.148747;37.524;1.00396
161000;0.131596;37.524;0.996493
162000;-0.0627187;37.524;1.00167
163000;-5.12595;37.524;1.1366
164000;-4.5097;37.524;1.12018
165000;-0.00758679;37.524;1.0002
166000;0.0739987;37.524;0.998028
167000;-0.0664806;37.524;1.00177
168000;0.0445941;37.524;0.998812
169000;-0.00392444;37.524;1.0001
170000;-0.00175919;37.524;1.00005
171000;0.146417;37.524;0.996098
172000;-0.218571;37.524;1.00582
173000;0.00146498;37.524;0.999961
174000;-0.0327093;37.524;1.00087
175000;0.0100033;37.524;0.999733
176000;-0.0268951;37.524;1.00072
177000;-0.646069;37.524;1.01722
178000;-0.0311287;37.524;1.00083
179000;-0.0205619;37.524;1.00055
180000;-0.0853833;37.524;1.00228
181000;-0.038603;37.524;1.00103
182000;-0.0382897;37.524;1.00102
183000;0.0263829;37.524;0.999297
184000;0.00924766;37.524;0.999754
185000;-0.053819;37.524;1.00143
186000;-0.0198836;37.524;1.00053
187000;0.160443;37.524;0.995724
188000;-0.00129238;37.524;1.00003
189000;-0.0683525;37.524;1.00182
190000;-0.373129;37.524;1.00994
191000;-0.273312;37.524;1.00728
192000;-0.0273757;37.524;1.00073
193000;-0.918124;37.524;1.02447
194000;-0.0628903;37.524;1.00168
195000;-0.537546;37.524;1.01433
196000;0.799951;37.524;0.978682
197000;-0.00491774;37.524;1.00013
198000;0.0715951;37.524;0.998092
199000;0.00032292;37.524;0.999991
200000;-0.0952581;37.524;1.00254
201000;-0.0221876;37.524;1.00059
202000;-0.0133024;37.524;1.00035
203000;-1000.28;37.524;27.657
204000;-0.56954;37.524;1.01518
205000;-0.0011265;37.524;1.00003
206000;-0.409346;37.524;1.01091
207000;-0.159233;37.524;1.00424
208000;-0.0337003;37.524;1.0009
209000;-0.0303552;37.524;1.00081
210000;-0.32839;37.524;1.00875
211000;-0.192186;37.524;1.00512
212000;1.14447;37.524;0.9695
213000;-0.0174186;37.524;1.00046
214000;-0.0452363;37.524;1.00121
215000;-0.119041;37.524;1.00317
216000;-1.88168;37.524;1.05015
217000;-0.105538;37.524;1.00281
218000;0.0429338;37.524;0.998856
219000;-0.0563598;37.524;1.0015
220000;-0.0276109;37.524;1.00074
221000;0.00625185;37.524;0.999833
222000;-0.0239235;37.524;1.00064
223000;-0.0140344;37.524;1.00037
224000;-0.0152587;37.524;1.00041
225000;-0.0175666;37.524;1.00047
226000;0.0205704;37.524;0.999452
227000;-0.097407;37.524;1.0026
228000;0.0308651;37.524;0.999177
229000;-0.186756;37.524;1.00498
230000;-0.0113535;37.524;1.0003
231000;-0.027131;37.524;1.00072
232000;-0.0034978;37.524;1.00009
233000;-0.0438628;37.524;1.00117
234000;-0.336885;37.524;1.00898
235000;-0.140582;37.524;1.00375
236000;-0.0170146;37.524;1.00045
237000;0.00220519;37.524;0.999941
238000;2.01242;37.524;0.94637
239000;-0.0113121;37.524;1.0003
240000;-0.00067376;37.524;1.00002
241000;-2.05172;37.524;1.05468
242000;152.285;37.524;3.05832
243000;-0.134778;37.524;1.00359
244000;-23.5665;37.524;1.62804
245000;0.26965;37.524;0.992814
246000;-0.129295;37.524;1.00345
247000;-0.0841146;37.524;1.00224
248000;-0.0809119;37.524;1.00216
249000;0.403072;37.524;0.989258
250000;-0.00805087;37.524;1.00021
251000;-0.114128;37.524;1.00304
252000;-0.000897995;37.524;1.00002
253000;0.00551801;37.524;0.999853
254000;-0.0544498;37.524;1.00145
255000;-0.19047;37.524;1.00508
256000;-0.289967;37.524;1.00773
257000;-0.0260399;37.524;1.00069
258000;-0.0324131;37.524;1.00086
259000;-0.270959;37.524;1.00722
260000;0.00808289;37.524;0.999785
261000;-0.0214136;37.524;1.00057
262000;-0.263832;37.524;1.00703
263000;0.00501141;37.524;0.999866
264000;-0.0260845;37.524;1.0007
265000;-0.0190292;37.524;1.00051
266000;-0.0885333;37.524;1.00236
267000;-0.0155594;37.524;1.00041
268000;0.0255637;37.524;0.999319
269000;-0.014419;37.524;1.00038
270000;-0.145392;37.524;1.00387
271000;-0.197827;37.524;1.00527
272000;-0.0575493;37.524;1.00153
273000;-0.00118472;37.524;1.00003
274000;0.0117617;37.524;0.999687
275000;-1.38179;37.524;1.03682
276000;0.0173246;37.524;0.999538
277000;-0.00641375;37.524;1.00017
278000;-0.325494;37.524;1.00867
279000;0.0748982;37.524;0.998004
280000;0.0216811;37.524;0.999422
281000;-0.0390837;37.524;1.00104
282000;-0.00336678;37.524;1.00009
283000;-0.0383321;37.524;1.00102
284000;-0.0049485;37.524;1.00013
285000;0.13166;37.524;0.996491
286000;-0.0226522;37.524;1.0006
287000;-0.0317327;37.524;1.00085
288000;-0.00186946;37.524;1.00005
289000;-0.0166002;37.524;1.00044
290000;0.00569979;37.524;0.999848
291000;-0.474269;37.524;1.01264
292000;-0.0192513;37.524;1.00051
293000;0.0358174;37.524;0.999045
294000;-0.0288859;37.524;1.00077
295000;-0.00368883;37.524;1.0001
296000;-0.00814425;37.524;1.00022
297000;0.000613607;37.524;0.999984
298000;-0.0080046;37.524;1.00021
299000;-0.0962936;37.524;1.00257
300000;-0.0252774;37.524;1.00067
301000;0.00636555;37.524;0.99983
302000;-0.00802247;37.524;1.00021
303000;0.00188183;37.524;0.99995
304000;0.0807327;37.524;0.997849
305000;0.00130191;37.524;0.999965
306000;0.16007;37.524;0.995734
307000;-0.246769;37.524;1.00658
308000;-0.0645952;37.524;1.00172
309000;-0.0722917;37.524;1.00193
310000;-0.0171326;37.524;1.00046
311000;0.00574565;37.524;0.999847
312000;-0.104776;37.524;1.00279
313000;-0.0277692;37.524;1.00074
314000;-0.063664;37.524;1.0017
315000;-0.0221651;37.524;1.00059
316000;0.00430508;37.524;0.999885
317000;-0.0288879;37.524;1.00077
318000;-0.0120848;37.524;1.00032
319000;-0.0524477;37.524;1.0014
320000;-0.00131182;37.524;1.00003
321000;-0.164034;37.524;1.00437
322000;0.0555618;37.524;0.998519
323000;11.6984;37.524;0.688242
324000;-0.456662;37.524;1.01217
325000;-0.00738867;37.524;1.0002
326000;-0.108041;37.524;1.00288
327000;-0.0410498;37.524;1.00109
328000;-2.57434;37.524;1.06861
329000;-0.0792077;37.524;1.00211
330000;-0.0316858;37.524;1.00084
331000;-0.0307525;37.524;1.00082
332000;-0.00298025;37.524;1.00008
333000;-0.0108334;37.524;1.00029
334000;0.0277111;37.524;0.999262
335000;-0.00905746;37.524;1.00024
336000;-0.0250316;37.524;1.00067
337000;-0.0827579;37.524;1.00221
338000;0.919748;37.524;0.975489
339000;-0.0959824;37.524;1.00256
340000;-0.00997457;37.524;1.00027
341000;-0.0502128;37.524;1.00134
342000;2.63956;37.524;0.929657
343000;-0.0991302;37.524;1.00264
344000;-0.0783766;37.524;1.00209
345000;-0.0345734;37.524;1.00092
346000;-0.0103018;37.524;1.00027
347000;-0.0348201;37.524;1.00093
348000;-0.0224868;37.524;1.0006
349000;-0.123693;37.524;1.0033
350000;-2.45844;37.524;1.06552
351000;-0.0120265;37.524;1.00032
352000;0.00558074;37.524;0.999851
353000;-0.014731;37.524;1.00039
354000;-0.172162;37.524;1.00459
355000;3.17945;37.524;0.915269
356000;-0.0296161;37.524;1.00079
357000;-0.0219262;37.524;1.00058
358000;-0.0924566;37.524;1.00246
359000;-0.02038;37.524;1.00054
360000;-0.0200189;37.524;1.00053
361000;-0.0123683;37.524;1.00033
362000;0.00389983;37.524;0.999896
363000;-0.0352334;37.524;1.00094
364000;0.00896191;37.524;0.999761
365000;-0.171361;37.524;1.00457
366000;0.0277709;37.524;0.99926
367000;-0.0633996;37.524;1.00169
368000;0.186646;37.524;0.995026
369000;-0.0306228;37.524;1.00082
370000;-0.0112455;37.524;1.0003
371000;-0.0136527;37.524;1.00036
372000;-0.00447774;37.524;1.00012
373000;-0.19028;37.524;1.00507
374000;-0.0115346;37.524;1.00031
375000;-0.0235854;37.524;1.00063
376000;-0.128119;37.524;1.00341
377000;-0.00443033;37.524;1.00012
378000;-0.00341034;37.524;1.00009
379000;-0.125675;37.524;1.00335
380000;0.011265;37.524;0.9997
381000;-0.0912668;37.524;1.00243
382000;1.10172;37.524;0.97064
383000;-8.12685;37.524;1.21658
384000;0.0917525;37.524;0.997555
385000;-0.0140873;37.524;1.00038
386000;-1.86354;37.524;1.04966
387000;9.46114;37.524;0.747865
388000;-0.169274;37.524;1.00451
389000;-0.00261372;37.524;1.00007
390000;-0.0190021;37.524;1.00051
391000;-0.303437;37.524;1.00809
392000;0.577865;37.524;0.9846
393000;-0.0412359;37.524;1.0011
394000;-0.0150944;37.524;1.0004
395000;-0.0253433;37.524;1.00068
396000;0.0233275;37.524;0.999378
397000;-0.0737997;37.524;1.00197
398000;-0.377703;37.524;1.01007
399000;-0.0157102;37.524;1.00042
400000;0.89345;37.524;0.97619
401000;-0.0591915;37.524;1.00158
402000;-0.016704;37.524;1.00045
403000;-0.0319491;37.524;1.00085
404000;-0.0214019;37.524;1.00057
405000;0.011335;37.524;0.999698
406000;-0.370387;37.524;1.00987
407000;-0.419488;37.524;1.01118
408000;-0.332764;37.524;1.00887
409000;-0.0510715;37.524;1.00136
410000;-0.0929213;37.524;1.00248
411000;0.0215151;37.524;0.999427
412000;0.0419943;37.524;0.998881
413000;-0.185148;37.524;1.00493
414000;-0.0479135;37.524;1.00128
415000;-0.0302682;37.524;1.00081
416000;0.0154871;37.524;0.999587
417000;-0.0164738;37.524;1.00044
418000;-0.00322622;37.524;1.00009
419000;-0.0821334;37.524;1.00219
420000;-0.0238411;37.524;1.00064
421000;-0.231511;37.524;1.00617
422000;0.263811;37.524;0.99297
423000;-0.0656699;37.524;1.00175
424000;-0.489629;37.524;1.01305
425000;11.3124;37.524;0.698529
426000;-0.0776714;37.524;1.00207
427000;-0.0146174;37.524;1.00039
428000;-0.00815053;37.524;1.00022
429000;-0.0431211;37.524;1.00115
430000;0.00432021;37.524;0.999885
431000;-0.0353379;37.524;1.00094
432000;-1.04443;37.524;1.02783
433000;0.556861;37.524;0.98516
434000;-0.000724866;37.524;1.00002
435000;0.000768134;37.524;0.99998
436000;-0.0994212;37.524;1.00265
437000;-0.0317005;37.524;1.00084
438000;-0.022821;37.524;1.00061
439000;-0.0192795;37.524;1.00051
440000;-0.0699335;37.524;1.00186
441000;0.00160114;37.524;0.999957
442000;-0.0147702;37.524;1.00039
443000;-0.0932065;37.524;1.00248
444000;-3.22903;37.524;1.08605
445000;0.281226;37.524;0.992505
446000;-6.52251;37.524;1.17382
447000;0.0263228;37.524;0.999299
448000;-0.0113821;37.524;1.0003
449000;-0.19188;37.524;1.00511
450000;0.0565381;37.524;0.998493
451000;-0.250733;37.524;1.00668
452000;-0.0170839;37.524;1.00046
453000;-0.0956575;37.524;1.00255
454000;0.0558259;37.524;0.998512
455000;-0.00476016;37.524;1.00013
456000;-0.258924;37.524;1.0069
457000;0.000574803;37.524;0.999985
458000;-0.00276355;37.524;1.00007
459000;-0.236923;37.524;1.00631
460000;-0.0322967;37.524;1.00086
461000;-0.766432;37.524;1.02043
462000;-0.162684;37.524;1.00434
463000;-0.0338756;37.524;1.0009
464000;-0.118455;37.524;1.00316
465000;-1.16754;37.524;1.03111
466000;-0.0285132;37.524;1.00076
467000;0.0196493;37.524;0.999476
468000;-0.0481529;37.524;1.00128
469000;-0.0308694;37.524;1.00082
470000;-0.00855908;37.524;1.00023
471000;-0.0100727;37.524;1.00027
472000;0.0137996;37.524;0.999632
473000;1.40902;37.524;0.96245
474000;0.0409921;37.524;0.998908
475000;1.49715;37.524;0.960101
476000;-0.0124215;37.524;1.00033
477000;-0.0850234;37.524;1.00227
478000;-0.0157627;37.524;1.00042
479000;0.942713;37.524;0.974877
480000;0.0232533;37.524;0.99938
481000;-0.0813986;37.524;1.00217
482000;0.0361105;37.524;0.999038
483000;-0.0240916;37.524;1.00064
484000;0.0507619;37.524;0.998647
485000;0.010728;37.524;0.999714
486000;-0.0643903;37.524;1.00172
487000;-0.0849398;37.524;1.00226
488000;-0.792454;37.524;1.02112
489000;-0.0417766;37.524;1.00111
490000;-0.0161047;37.524;1.00043
491000;-0.0481154;37.524;1.00128
492000;-0.00734556;37.524;1.0002
493000;0.00941093;37.524;0.999749
494000;-0.258607;37.524;1.00689
495000;-0.177898;37.524;1.00474
496000;-0.564;37.524;1.01503
497000;0.0265957;37.524;0.999291
498000;-0.024344;37.524;1.00065
499000;-0.103472;37.524;1.00276
500000;-0.0223779;37.524;1.0006
501000;-0.0596025;37.524;1.00159
502000;-0.0831138;37.524;1.00221
503000;-0.0538261;37.524;1.00143
504000;-0.745939;37.524;1.01988
505000;-0.0172557;37.524;1.00046
506000;-0.00369201;37.524;1.0001
507000;-0.0191832;37.524;1.00051
508000;-1.06462;37.524;1.02837
509000;-0.0373196;37.524;1.00099
510000;-0.0568047;37.524;1.00151
511000;-0.126901;37.524;1.00338
512000;-0.0523821;37.524;1.0014
513000;0.0399537;37.524;0.998935
514000;0.674689;37.524;0.98202
515000;0.00389819;37.524;0.999896
516000;-0.0185228;37.524;1.00049
517000;-0.0141979;37.524;1.00038
518000;-0.0533011;37.524;1.00142
519000;-0.0217471;37.524;1.00058
520000;-0.183145;37.524;1.00488
521000;-0.0319048;37.524;1.00085
522000;-0.076183;37.524;1.00203
523000;-0.0136735;37.524;1.00036
524000;-0.198068;37.524;1.00528
525000;-0.0494652;37.524;1.00132
526000;-0.0495006;37.524;1.00132
527000;0.0217313;37.524;0.999421
528000;-0.124989;37.524;1.00333
529000;-0.109924;37.524;1.00293
530000;-0.0137921;37.524;1.00037
531000;-0.67968;37.524;1.01811
532000;-0.0375238;37.524;1.001
533000;-0.0614923;37.524;1.00164
534000;-0.0787397;37.524;1.0021
535000;-0.256121;37.524;1.00683
536000;0.0101102;37.524;0.999731
537000;-0.175725;37.524;1.00468
538000;-0.0380826;37.524;1.00101
539000;0.0534581;37.524;0.998575
540000;-0.0932591;37.524;1.00249
541000;-0.458491;37.524;1.01222
542000;0.673158;37.524;0.982061
543000;-0.0202464;37.524;1.00054
544000;-0.0159302;37.524;1.00042
545000;-1.44822;37.524;1.03859
546000;-0.0208125;37.524;1.00055
547000;-0.00795112;37.524;1.00021
548000;0.219892;37.524;0.99414
549000;-0.0832086;37.524;1.00222
550000;-0.00519765;37.524;1.00014
551000;0.0133963;37.524;0.999643
552000;-0.258179;37.524;1.00688
553000;-1.17095;37.524;1.03121
554000;0.0170549;37.524;0.999545
555000;0.0457758;37.524;0.99878
556000;-0.0682375;37.524;1.00182
557000;0.0014505;37.524;0.999961
558000;-0.599869;37.524;1.01599
559000;-0.245232;37.524;1.00654
560000;-0.0609042;37.524;1.00162
561000;6.84934;37.524;0.817468
562000;-0.0540955;37.524;1.00144
563000;-0.00996365;37.524;1.00027
564000;-1.26028;37.524;1.03359
565000;-10.1725;37.524;1.27109
566000;-0.393721;37.524;1.01049
567000;-0.0750562;37.524;1.002
568000;-0.0675111;37.524;1.0018
569000;-0.0630556;37.524;1.00168
570000;-0.192812;37.524;1.00514
571000;0.0740724;37.524;0.998026
572000;-0.0213342;37.524;1.00057
573000;-0.0890983;37.524;1.00237
574000;-0.00979695;37.524;1.00026
575000;-0.0709897;37.524;1.00189
576000;-0.0192255;37.524;1.00051
577000;-0.0269328;37.524;1.00072
578000;-0.0538634;37.524;1.00144
579000;0.0838199;37.524;0.997766
580000;0.0293515;37.524;0.999218
581000;-0.0383859;37.524;1.00102
582000;-0.0343957;37.524;1.00092
583000;0.335289;37.524;0.991065
584000;-0.108602;37.524;1.00289
585000;-2.42942;37.524;1.06474
586000;0.02641;37.524;0.999296
587000;-0.0392233;37.524;1.00105
588000;-0.464757;37.524;1.01239
589000;-0.0409758;37.524;1.00109
590000;-0.0369236;37.524;1.00098
591000;-0.499536;37.524;1.01331
592000;-0.328676;37.524;1.00876
593000;0.309008;37.524;0.991765
594000;-0.605512;37.524;1.01614
595000;0.0100091;37.524;0.999733
596000;-0.417284;37.524;1.01112
597000;-0.0163617;37.524;1.00044
598000;-0.237504;37.524;1.00633
599000;-0.0216363;37.524;1.00058
600000;0.00169712;37.524;0.999955
601000;-0.0152306;37.524;1.00041
602000;-0.39854;37.524;1.01062
603000;-0.0843837;37.524;1.00225
604000;-15.4217;37.524;1.41098
605000;-0.23816;37.524;1.00635
606000;-1.03603;37.524;1.02761
607000;-0.0339969;37.524;1.00091
608000;-0.00704681;37.524;1.00019
609000;-0.00594969;37.524;1.00016
610000;-0.00565496;37.524;1.00015
611000;-0.433768;37.524;1.01156
612000;-0.0624847;37.524;1.00167
613000;0.137438;37.524;0.996337
614000;-0.0267242;37.524;1.00071
615000;-0.0167527;37.524;1.00045
616000;-0.220009;37.524;1.00586
617000;-0.0341542;37.524;1.00091
618000;-0.0298987;37.524;1.0008
619000;-0.0474723;37.524;1.00127
620000;-0.0484124;37.524;1.00129
621000;-0.0736003;37.524;1.00196
622000;-0.22897;37.524;1.0061
623000;0.0460494;37.524;0.998773
624000;-0.000179784;37.524;1
625000;0.0111391;37.524;0.999703
626000;0.2342;37.524;0.993759
627000;-0.004343;37.524;1.00012
628000;0.00178314;37.524;0.999952
629000;0.00841987;37.524;0.999776
630000;0.586727;37.524;0.984364
631000;-0.0721789;37.524;1.00192
632000;1.27052;37.524;0.966141
633000;-2.69781;37.524;1.0719
634000;-1.14503;37.524;1.03051
635000;-0.0585746;37.524;1.00156
636000;-0.291887;37.524;1.00778
637000;-0.0273029;37.524;1.00073
638000;-0.0182164;37.524;1.00049
639000;-0.706435;37.524;1.01883
640000;-0.0934446;37.524;1.00249
641000;0.0373654;37.524;0.999004
642000;-0.00811694;37.524;1.00022
643000;-0.173715;37.524;1.00463
644000;0.000407812;37.524;0.999989
645000;-0.0186081;37.524;1.0005
646000;0.510206;37.524;0.986403
647000;-0.114895;37.524;1.00306
648000;-0.02448;37.524;1.00065
649000;-6.48085e-05;37.524;1
650000;-0.0459798;37.524;1.00123
651000;-0.0224944;37.524;1.0006
652000;0.00877215;37.524;0.999766
653000;0.0516492;37.524;0.998624
654000;-0.117945;37.524;1.00314
655000;-0.0201393;37.524;1.00054
656000;-0.0454045;37.524;1.00121
657000;-0.346474;37.524;1.00923
658000;-0.000546049;37.524;1.00001
659000;-0.0575474;37.524;1.00153
660000;-0.00833286;37.524;1.00022
661000;-0.154924;37.524;1.00413
662000;-0.0536607;37.524;1.00143
663000;-0.0185795;37.524;1.0005
664000;-0.0160292;37.524;1.00043
665000;-0.0211622;37.524;1.00056
666000;0.875512;37.524;0.976668
667000;-0.0706673;37.524;1.00188
668000;-0.131335;37.524;1.0035
669000;-0.601101;37.524;1.01602
670000;-0.00337836;37.524;1.00009
671000;-0.0001944;37.524;1.00001
672000;-0.121551;37.524;1.00324
673000;-0.116319;37.524;1.0031
674000;-0.00635575;37.524;1.00017
675000;-0.0318544;37.524;1.00085
676000;-0.150109;37.524;1.004
677000;-1.40174;37.524;1.03736
678000;-0.00284749;37.524;1.00008
679000;-0.0188155;37.524;1.0005
680000;-0.0983452;37.524;1.00262
681000;-0.0407746;37.524;1.00109
682000;-0.009026;37.524;1.00024
683000;-0.0492552;37.524;1.00131
684000;-4.40347;37.524;1.11735
685000;-0.0225945;37.524;1.0006
686000;-0.480581;37.524;1.01281
687000;0.146931;37.524;0.996084
688000;0.00489928;37.524;0.999869
689000;0.0149286;37.524;0.999602
690000;-0.0586159;37.524;1.00156
691000;-0.171493;37.524;1.00457
692000;-0.0937898;37.524;1.0025
693000;0.374711;37.524;0.990014
694000;-0.00386165;37.524;1.0001
695000;-1.59655;37.524;1.04255
696000;-0.00228793;37.524;1.00006
697000;-0.0178893;37.524;1.00048
698000;-0.0193069;37.524;1.00051
699000;0.228564;37.524;0.993909
700000;-0.0138279;37.524;1.00037
701000;-0.134057;37.524;1.00357
702000;-0.418186;37.524;1.01114
703000;-0.0824432;37.524;1.0022
704000;0.0019956;37.524;0.999947
705000;-0.00842972;37.524;1.00022
706000;0.0560268;37.524;0.998507
707000;0.0213118;37.524;0.999432
708000;-0.0629623;37.524;1.00168
709000;-0.255126;37.524;1.0068
710000;0.0104323;37.524;0.999722
711000;-0.13518;37.524;1.0036
712000;-3.574;37.524;1.09525
713000;0.0380835;37.524;0.998985
714000;-0.671481;37.524;1.01789
715000;-0.0151713;37.524;1.0004
716000;-0.0498399;37.524;1.00133
717000;-0.0216207;37.524;1.00058
718000;0.0112635;37.524;0.9997
719000;0.519301;37.524;0.986161
720000;-0.146246;37.524;1.0039
721000;-0.0463595;37.524;1.00124
722000;-0.385203;37.524;1.01027
723000;0.0263765;37.524;0.999297
724000;0.484417;37.524;0.98709
725000;-0.204051;37.524;1.00544
726000;-0.0731479;37.524;1.00195
727000;-0.336993;37.524;1.00898
728000;-0.0949953;37.524;1.00253
729000;0.0419661;37.524;0.998882
730000;-0.0343215;37.524;1.00091
731000;-9.88597;37.524;1.26346
732000;-0.181869;37.524;1.00485
733000;0.0222425;37.524;0.999407
734000;-0.0294607;37.524;1.00079
735000;-1.65478;37.524;1.0441
736000;-0.00425875;37.524;1.00011
737000;0.00946322;37.524;0.999748
738000;-16.0795;37.524;1.42851
739000;-0.00770939;37.524;1.00021
740000;0.00558502;37.524;0.999851
741000;-0.473774;37.524;1.01263
742000;-0.0321288;37.524;1.00086
743000;-0.011256;37.524;1.0003
744000;-0.165517;37.524;1.00441
745000;-0.0169599;37.524;1.00045
746000;-0.0250471;37.524;1.00067
747000;-0.0557214;37.524;1.00148
748000;0.00272838;37.524;0.999927
749000;-0.934285;37.524;1.0249
750000;-0.030129;37.524;1.0008
751000;-0.0124424;37.524;1.00033
752000;-0.00188032;37.524;1.00005
753000;-0.0727987;37.524;1.00194
754000;0.0181844;37.524;0.999515
755000;-0.0894361;37.524;1.00238
756000;0.270203;37.524;0.992799
757000;-1.44322;37.524;1.03846
758000;0.304758;37.524;0.991878
759000;0.00311886;37.524;0.999917
760000;-0.0637555;37.524;1.0017
761000;-0.0113995;37.524;1.0003
762000;-0.0467665;37.524;1.00125
763000;0.0550129;37.524;0.998534
764000;-0.0902165;37.524;1.0024
765000;-0.0199801;37.524;1.00053
766000;-0.180925;37.524;1.00482
767000;0.00227836;37.524;0.999939
768000;-0.033255;37.524;1.00089
769000;-0.0494872;37.524;1.00132
770000;-0.0337609;37.524;1.0009
771000;-0.292596;37.524;1.0078
772000;-0.190886;37.524;1.00509
773000;-0.536714;37.524;1.0143
774000;-0.00518028;37.524;1.00014
775000;-0.00132528;37.524;1.00004
776000;-0.00233198;37.524;1.00006
777000;0.0720968;37.524;0.998079
778000;-0.0148584;37.524;1.0004
779000;-0.1275;37.524;1.0034
780000;-0.104276;37.524;1.00278
781000;-0.278385;37.524;1.00742
782000;-0.0678876;37.524;1.00181
783000;-0.0327346;37.524;1.00087
784000;-6.10476;37.524;1.16269
785000;-0.0021491;37.524;1.00006
786000;-0.149843;37.524;1.00399
787000;-0.0174272;37.524;1.00046
788000;-0.0390676;37.524;1.00104
789000;0.0482825;37.524;0.998713
790000;-0.015976;37.524;1.00043
791000;-0.0408931;37.524;1.00109
792000;-0.0324412;37.524;1.00086
793000;0.289536;37.524;0.992284
794000;-0.0402143;37.524;1.00107
795000;-2.63099;37.524;1.07011
796000;-0.0463171;37.524;1.00123
797000;-2.74271;37.524;1.07309
798000;0.0361559;37.524;0.999036
799000;-0.0489363;37.524;1.0013
800000;-0.0839799;37.524;1.00224
801000;-0.0648712;37.524;1.00173
802000;-0.101904;37.524;1.00272
803000;-7.71737;37.524;1.20566
804000;-0.00173912;37.524;1.00005
805000;0.196815;37.524;0.994755
806000;-0.0173918;37.524;1.00046
807000;-0.232026;37.524;1.00618
808000;0.00543692;37.524;0.999855
809000;0.0364394;37.524;0.999029
810000;-0.232386;37.524;1.00619
811000;-0.032177;37.524;1.00086
812000;-3.48027;37.524;1.09275
813000;-0.0149037;37.524;1.0004
814000;-0.081052;37.524;1.00216
815000;-0.205368;37.524;1.00547
816000;-30.8496;37.524;1.82213
817000;0.193979;37.524;0.994831
818000;-0.0488396;37.524;1.0013
819000;-0.106001;37.524;1.00282
820000;0.0143409;37.524;0.999618
821000;-0.208727;37.524;1.00556
822000;0.647438;37.524;0.982746
823000;-0.0274666;37.524;1.00073
824000;-0.00817066;37.524;1.00022
825000;-0.0677005;37.524;1.0018
826000;-0.0403346;37.524;1.00107
827000;0.731725;37.524;0.9805
828000;-0.049267;37.524;1.00131
829000;-0.570621;37.524;1.01521
830000;-0.108393;37.524;1.00289
831000;-0.0120041;37.524;1.00032
832000;0.148443;37.524;0.996044
833000;-0.0478093;37.524;1.00127
834000;-0.0673517;37.524;1.00179
835000;-0.020879;37.524;1.00056
836000;0.0207775;37.524;0.999446
837000;-0.03276;37.524;1.00087
838000;-0.0590995;37.524;1.00157
839000;-0.0164367;37.524;1.00044
840000;-0.064076;37.524;1.00171
841000;0.133262;37.524;0.996449
842000;0.0561418;37.524;0.998504
843000;-1.93049;37.524;1.05145
844000;-0.0458229;37.524;1.00122
845000;-0.22142;37.524;1.0059
846000;-0.0746545;37.524;1.00199
847000;-0.0295634;37.524;1.00079
848000;-0.0373853;37.524;1.001
849000;-0.0272136;37.524;1.00073
850000;-0.0693142;37.524;1.00185
851000;-0.711956;37.524;1.01897
852000;-0.0127657;37.524;1.00034
853000;-0.0167102;37.524;1.00045
854000;-0.132302;37.524;1.00353
855000;-0.0588995;37.524;1.00157
856000;-0.110922;37.524;1.00296
857000;-0.246009;37.524;1.00656
858000;-0.0117361;37.524;1.00031
859000;-0.254969;37.524;1.00679
860000;-0.0467645;37.524;1.00125
861000;0.657899;37.524;0.982467
862000;-0.0646813;37.524;1.00172
863000;-1.97222;37.524;1.05256
864000;-0.086463;37.524;1.0023
865000;-0.0256285;37.524;1.00068
866000;-0.037092;37.524;1.00099
867000;-0.222754;37.524;1.00594
868000;0.236887;37.524;0.993687
869000;-0.0371826;37.524;1.00099
870000;-0.113822;37.524;1.00303
871000;-0.0325734;37.524;1.00087
872000;-0.0269078;37.524;1.00072
873000;-0.0268281;37.524;1.00071
874000;0.0489736;37.524;0.998695
875000;-1.05302;37.524;1.02806
876000;-0.080235;37.524;1.00214
877000;-0.819966;37.524;1.02185
878000;-0.0551765;37.524;1.00147
879000;-0.179962;37.524;1.0048
880000;-0.0145662;37.524;1.00039
881000;0.0761776;37.524;0.99797
882000;0.149824;37.524;0.996007
883000;0.288785;37.524;0.992304
884000;-0.474081;37.524;1.01263
885000;-1.174;37.524;1.03129
886000;-0.0463933;37.524;1.00124
887000;-1.02028;37.524;1.02719
888000;-0.084313;37.524;1.00225
889000;-0.892656;37.524;1.02379
890000;0.0151597;37.524;0.999596
891000;-3.89285;37.524;1.10374
892000;0.0704655;37.524;0.998122
893000;0.413636;37.524;0.988977
894000;-0.0319157;37.524;1.00085
895000;-0.0250198;37.524;1.00067
896000;0.0435653;37.524;0.998839
897000;-0.0600611;37.524;1.0016
898000;-27.1909;37.524;1.72463
899000;0.00664743;37.524;0.999823
900000;-1.17962;37.524;1.03144
901000;-0.11653;37.524;1.00311
902000;0.0512823;37.524;0.998633
903000;-0.508203;37.524;1.01354
904000;-0.0579693;37.524;1.00154
905000;-0.180379;37.524;1.00481
906000;-0.759703;37.524;1.02025
907000;0.0347343;37.524;0.999074
908000;-0.0141352;37.524;1.00038
909000;0.144954;37.524;0.996137
910000;-0.130062;37.524;1.00347
911000;0.0184629;37.524;0.999508
912000;-0.0455094;37.524;1.00121
913000;-0.247185;37.524;1.00659
914000;-0.281805;37.524;1.00751
915000;-0.019753;37.524;1.00053
916000;0.0735669;37.524;0.998039
917000;0.00236258;37.524;0.999937
918000;-0.766981;37.524;1.02044
919000;0.00541492;37.524;0.999856
920000;-0.0785142;37.524;1.00209
921000;0.0450764;37.524;0.998799
922000;-0.0466138;37.524;1.00124
923000;0.165866;37.524;0.99558
924000;-0.0129598;37.524;1.00035
925000;0.0495944;37.524;0.998678
926000;-0.0617268;37.524;1.00164
927000;0.0326579;37.524;0.99913
928000;-0.388148;37.524;1.01034
929000;-0.176299;37.524;1.0047
930000;0.0221789;37.524;0.999409
931000;-0.0844717;37.524;1.00225
932000;-0.0339334;37.524;1.0009
933000;-0.427975;37.524;1.01141
934000;0.197675;37.524;0.994732
935000;-0.00179418;37.524;1.00005
936000;0.156083;37.524;0.99584
937000;-0.353;37.524;1.00941
938000;-0.016746;37.524;1.00045
939000;-0.457364;37.524;1.01219
940000;-0.130335;37.524;1.00347
941000;0.0111893;37.524;0.999702
942000;-0.0121053;37.524;1.00032
943000;-0.00228111;37.524;1.00006
944000;-0.177616;37.524;1.00473
945000;0.172952;37.524;0.995391
946000;0.377701;37.524;0.989934
947000;1.62236;37.524;0.956765
948000;-1.26019;37.524;1.03358
949000;-0.0801672;37.524;1.00214
950000;-0.0456675;37.524;1.00122
951000;-0.0128411;37.524;1.00034
952000;-17.3864;37.524;1.46334
953000;-0.68867;37.524;1.01835
954000;-80.0079;37.524;3.13218
955000;-0.771315;37.524;1.02056
956000;-0.0450117;37.524;1.0012
957000;0.454228;37.524;0.987895
958000;-0.0125967;37.524;1.00034
959000;-0.00791473;37.524;1.00021
960000;-0.0472668;37.524;1.00126
961000;-0.130706;37.524;1.00348
962000;0.0716298;37.524;0.998091
963000;-0.00392654;37.524;1.0001
964000;-0.0464312;37.524;1.00124
965000;-0.166462;37.524;1.00444
966000;0.062986;37.524;0.998321
967000;-1.39972;37.524;1.0373
968000;-0.00585224;37.524;1.00016
969000;-0.0291944;37.524;1.00078
970000;-0.0555051;37.524;1.00148
971000;-0.535438;37.524;1.01427
972000;-0.0571593;37.524;1.00152
973000;-0.282267;37.524;1.00752
974000;-0.203544;37.524;1.00542
975000;-0.0439573;37.524;1.00117
976000;-0.0861203;37.524;1.0023
977000;-0.0775629;37.524;1.00207
978000;-0.031735;37.524;1.00085
979000;0.0143729;37.524;0.999617
980000;0.0105054;37.524;0.99972
981000;0.0953701;37.524;0.997458
982000;-5.114;37.524;1.13629
983000;-0.0981555;37.524;1.00262
984000;-0.0237689;37.524;1.00063
985000;-0.0940356;37.524;1.00251
986000;0.0723298;37.524;0.998072
987000;-0.429538;37.524;1.01145
988000;-0.0214367;37.524;1.00057
989000;-0.249786;37.524;1.00666
990000;-0.00818056;37.524;1.00022
991000;-0.0127633;37.524;1.00034
992000;13.931;37.524;0.628746
993000;-911.328;37.524;25.2865
994000;-0.105169;37.524;1.0028
995000;5.32027;37.524;0.858217
996000;-0.45239;37.524;1.01206
997000;0.00377547;37.524;0.999899
998000;0.0735763;37.524;0.998039
999000;0.297484;37.524;0.992072
1000000;0.0766918;37.524;0.997956
