nSimulations;Gamma_Antithetic;Gamma_BS;Relative_Error
1000;0.0172284;0.018762;0.0817383
2000;0.0148465;0.018762;0.208695
3000;0.0175869;0.018762;0.0626334
4000;0.0220092;0.018762;0.173071
5000;0.0198735;0.018762;0.0592429
6000;0.0178255;0.018762;0.0499174
7000;0.0214012;0.018762;0.140667
8000;0.0187113;0.018762;0.0027032
9000;0.0180097;0.018762;0.0400968
10000;0.0171971;0.018762;0.0834072
11000;0.0187991;0.018762;0.00197878
12000;0.0203323;0.018762;0.0836939
13000;0.019191;0.018762;0.0228618
14000;0.0182123;0.018762;0.0292987
15000;0.0186423;0.018762;0.00637853
16000;0.0191367;0.018762;0.0199698
17000;0.0187704;0.018762;0.000448072
18000;0.0190095;0.018762;0.0131904
19000;0.0190035;0.018762;0.0128726
20000;0.0183942;0.018762;0.019606
21000;0.0190957;0.018762;0.0177868
22000;0.0188094;0.018762;0.00252385
23000;0.0181228;0.018762;0.0340695
24000;0.0186196;0.018762;0.00759247
25000;0.0183714;0.018762;0.0208171
26000;0.0183467;0.018762;0.0221348
27000;0.0189319;0.018762;0.00905586
28000;0.0192379;0.018762;0.0253662
29000;0.0181865;0.018762;0.030672
30000;0.0193094;0.018762;0.0291731
31000;0.0192137;0.018762;0.0240721
32000;0.0188105;0.018762;0.00258583
33000;0.0177372;0.018762;0.0546224
34000;0.0188462;0.018762;0.00448915
35000;0.0191443;0.018762;0.020373
36000;0.0177497;0.018762;0.0539567
37000;0.018848;0.018762;0.00458104
38000;0.018855;0.018762;0.00495357
39000;0.0187757;0.018762;0.000731756
40000;0.0184197;0.018762;0.0182456
41000;0.0187236;0.018762;0.00204805
42000;0.0194214;0.018762;0.0351471
43000;0.0184852;0.018762;0.0147552
44000;0.0188164;0.018762;0.00289844
45000;0.0190086;0.018762;0.0131426
46000;0.0189028;0.018762;0.00750185
47000;0.0187628;0.018762;3.97579e-05
48000;0.0185837;0.018762;0.00950648
49000;0.01868;0.018762;0.00437404
50000;0.018757;0.018762;0.000265418
51000;0.018184;0.018762;0.0308099
52000;0.0187845;0.018762;0.00119628
53000;0.0186136;0.018762;0.0079082
54000;0.0176097;0.018762;0.0614193
55000;0.0180989;0.018762;0.0353431
56000;0.0192309;0.018762;0.024992
57000;0.0185756;0.018762;0.00993647
58000;0.018652;0.018762;0.00586276
59000;0.0192025;0.018762;0.0234757
60000;0.0192433;0.018762;0.0256507
61000;0.0195181;0.018762;0.0402976
62000;0.0185808;0.018762;0.0096599
63000;0.01854;0.018762;0.0118346
64000;0.0192762;0.018762;0.0274078
65000;0.0183155;0.018762;0.0237973
66000;0.0184902;0.018762;0.014485
67000;0.0193291;0.018762;0.0302275
68000;0.0189915;0.018762;0.0122336
69000;0.0181495;0.018762;0.0326461
70000;0.0185725;0.018762;0.010103
71000;0.0186316;0.018762;0.0069533
72000;0.0184531;0.018762;0.0164654
73000;0.0191246;0.018762;0.0193266
74000;0.0189112;0.018762;0.00795319
75000;0.0189625;0.018762;0.0106868
76000;0.0187958;0.018762;0.00179839
77000;0.0191517;0.018762;0.0207685
78000;0.0177311;0.018762;0.0549449
79000;0.0191648;0.018762;0.0214681
80000;0.0187131;0.018762;0.00260946
81000;0.0182398;0.018762;0.0278318
82000;0.0186845;0.018762;0.00413206
83000;0.0180834;0.018762;0.0361715
84000;0.0184417;0.018762;0.0170727
85000;0.0189531;0.018762;0.0101832
86000;0.0191269;0.018762;0.0194486
87000;0.0185746;0.018762;0.00999027
88000;0.0192138;0.018762;0.0240784
89000;0.0181421;0.018762;0.0330434
90000;0.0186133;0.018762;0.00792557
91000;0.0183711;0.018762;0.0208375
92000;0.018783;0.018762;0.00111702
93000;0.0186412;0.018762;0.00643702
94000;0.0183048;0.018762;0.0243689
95000;0.0186599;0.018762;0.00544386
96000;0.0194243;0.018762;0.035298
97000;0.0188104;0.018762;0.00257769
98000;0.019202;0.018762;0.0234489
99000;0.0189217;0.018762;0.00851283
100000;0.0184885;0.018762;0.0145799
101000;0.0185176;0.018762;0.0130287
102000;0.0187449;0.018762;0.000912484
103000;0.0188816;0.018762;0.00637471
104000;0.0185762;0.018762;0.00990474
105000;0.0183743;0.018762;0.0206651
106000;0.0188507;0.018762;0.0047256
107000;0.0188968;0.018762;0.00718504
108000;0.0184332;0.018762;0.0175281
109000;0.0182198;0.018762;0.0288976
110000;0.0188497;0.018762;0.00467293
111000;0.0188958;0.018762;0.00712999
112000;0.0190511;0.018762;0.0154059
113000;0.0186338;0.018762;0.00683271
114000;0.0187384;0.018762;0.00125694
115000;0.0185797;0.018762;0.00971572
116000;0.0185236;0.018762;0.012705
117000;0.0190352;0.018762;0.0145579
118000;0.0190718;0.018762;0.0165107
119000;0.0186641;0.018762;0.0052187
120000;0.0184816;0.018762;0.0149465
121000;0.0183869;0.018762;0.0199952
122000;0.0195151;0.018762;0.0401371
123000;0.0193016;0.018762;0.0287609
124000;0.0187952;0.018762;0.00176931
125000;0.0183707;0.018762;0.0208556
126000;0.0188662;0.018762;0.00555393
127000;0.0189382;0.018762;0.00938913
128000;0.0187203;0.018762;0.00222553
129000;0.019265;0.018762;0.0268084
130000;0.0185901;0.018762;0.00916045
131000;0.0185165;0.018762;0.013088
132000;0.0188665;0.018762;0.00557097
133000;0.0189686;0.018762;0.0110088
134000;0.0187677;0.018762;0.00030221
135000;0.0188502;0.018762;0.00470236
136000;0.0183275;0.018762;0.02316
137000;0.0190586;0.018762;0.0158068
138000;0.0187572;0.018762;0.000254156
139000;0.0182381;0.018762;0.0279248
140000;0.0189287;0.018762;0.00888605
141000;0.0189611;0.018762;0.0106091
142000;0.0188499;0.018762;0.00468302
143000;0.0187573;0.018762;0.000251726
144000;0.018371;0.018762;0.0208389
145000;0.0192938;0.018762;0.0283431
146000;0.0185422;0.018762;0.0117162
147000;0.0187443;0.018762;0.000942812
148000;0.0186878;0.018762;0.00395837
149000;0.0185263;0.018762;0.0125645
150000;0.0189429;0.018762;0.00964302
151000;0.0188564;0.018762;0.00503166
152000;0.0187093;0.018762;0.00281042
153000;0.0193292;0.018762;0.0302296
154000;0.0192312;0.018762;0.0250075
155000;0.0187384;0.018762;0.00125808
156000;0.0189625;0.018762;0.0106856
157000;0.0186861;0.018762;0.00404694
158000;0.0188722;0.018762;0.00587362
159000;0.0189856;0.018762;0.0119169
160000;0.0183167;0.018762;0.0237333
161000;0.0191877;0.018762;0.0226904
162000;0.0183108;0.018762;0.0240469
163000;0.0191615;0.018762;0.0212902
164000;0.01913;0.018762;0.0196115
165000;0.0184794;0.018762;0.0150625
166000;0.0193293;0.018762;0.0302333
167000;0.0186105;0.018762;0.00807436
168000;0.0182397;0.018762;0.0278378
169000;0.0185691;0.018762;0.0102849
170000;0.0189822;0.018762;0.0117374
171000;0.0188049;0.018762;0.00228324
172000;0.0183403;0.018762;0.0224758
173000;0.0182611;0.018762;0.0267008
174000;0.0188757;0.018762;0.00605857
175000;0.0185983;0.018762;0.00872585
176000;0.0187357;0.018762;0.00140004
177000;0.0187152;0.018762;0.00249438
178000;0.0185808;0.018762;0.00965953
179000;0.0182455;0.018762;0.0275293
180000;0.0187205;0.018762;0.00221155
181000;0.0182572;0.018762;0.026906
182000;0.0189827;0.018762;0.0117634
183000;0.0190814;0.018762;0.0170243
184000;0.0188455;0.018762;0.00445041
185000;0.018749;0.018762;0.000694245
186000;0.0185988;0.018762;0.00870056
187000;0.0184552;0.018762;0.0163523
188000;0.0189104;0.018762;0.00790946
189000;0.0186179;0.018762;0.00768015
190000;0.01849;0.018762;0.0144974
191000;0.0187471;0.018762;0.000797135
192000;0.0185248;0.018762;0.0126416
193000;0.0192013;0.018762;0.0234134
194000;0.0185682;0.018762;0.0103321
195000;0.0187261;0.018762;0.00191477
196000;0.018505;0.018762;0.0136973
197000;0.018586;0.018762;0.00938012
198000;0.0189167;0.018762;0.00824694
199000;0.0190912;0.018762;0.017546
200000;0.0186973;0.018762;0.00345008
201000;0.0187571;0.018762;0.000260368
202000;0.0184144;0.018762;0.018526
203000;0.0185276;0.018762;0.012493
204000;0.0188247;0.018762;0.00333967
205000;0.0189018;0.018762;0.00745156
206000;0.0185914;0.018762;0.00909641
207000;0.0189466;0.018762;0.00983799
208000;0.0190491;0.018762;0.0153022
209000;0.0184851;0.018762;0.0147578
210000;0.0186535;0.018762;0.00578435
211000;0.0188289;0.018762;0.00356462
212000;0.0184458;0.018762;0.0168533
213000;0.0184164;0.018762;0.0184186
214000;0.0190128;0.018762;0.013365
215000;0.0187572;0.018762;0.000256297
216000;0.019196;0.018762;0.0231336
217000;0.0186224;0.018762;0.00744187
218000;0.0187305;0.018762;0.00167795
219000;0.0190967;0.018762;0.0178398
220000;0.0187052;0.018762;0.00302715
221000;0.0187893;0.018762;0.00145402
222000;0.0188164;0.018762;0.0028967
223000;0.018788;0.018762;0.00138554
224000;0.0187294;0.018762;0.00173782
225000;0.0183431;0.018762;0.0223291
226000;0.0189829;0.018762;0.0117741
227000;0.0184522;0.018762;0.0165108
228000;0.0183479;0.018762;0.0220696
229000;0.018674;0.018762;0.00469087
230000;0.0188054;0.018762;0.0023147
231000;0.0183472;0.018762;0.0221073
232000;0.018759;0.018762;0.000162911
233000;0.0190092;0.018762;0.0131728
234000;0.019072;0.018762;0.0165233
235000;0.0186659;0.018762;0.00512235
236000;0.0190511;0.018762;0.0154056
237000;0.0188352;0.018762;0.00390181
238000;0.0192595;0.018762;0.0265167
239000;0.019002;0.018762;0.0127928
240000;0.0184976;0.018762;0.0140918
241000;0.0183729;0.018762;0.0207395
242000;0.0188484;0.018762;0.00460209
243000;0.0182784;0.018762;0.0257744
244000;0.0185968;0.018762;0.00880481
245000;0.0189796;0.018762;0.011597
246000;0.0187442;0.018762;0.000949597
247000;0.0184204;0.018762;0.0182099
248000;0.0186894;0.018762;0.00386912
249000;0.019115;0.018762;0.0188145
250000;0.0187131;0.018762;0.00260668
251000;0.0191502;0.018762;0.0206892
252000;0.0188624;0.018762;0.00535095
253000;0.018848;0.018762;0.00458442
254000;0.0188467;0.018762;0.00451422
255000;0.0187196;0.018762;0.00225862
256000;0.0187206;0.018762;0.00220788
257000;0.0186134;0.018762;0.00792226
258000;0.0187089;0.018762;0.00283116
259000;0.0187422;0.018762;0.00105434
260000;0.0184921;0.018762;0.0143869
261000;0.0188208;0.018762;0.00313153
262000;0.0187589;0.018762;0.000165283
263000;0.0189598;0.018762;0.0105407
264000;0.0186783;0.018762;0.00445961
265000;0.0184853;0.018762;0.0147504
266000;0.0186916;0.018762;0.00375428
267000;0.0188068;0.018762;0.0023858
268000;0.0186381;0.018762;0.0066044
269000;0.0185882;0.018762;0.00926682
270000;0.0192868;0.018762;0.0279731
271000;0.0186637;0.018762;0.005238
272000;0.0188661;0.018762;0.00554597
273000;0.0189874;0.018762;0.0120145
274000;0.0190119;0.018762;0.01332
275000;0.0186605;0.018762;0.0054101
276000;0.0191481;0.018762;0.0205772
277000;0.0186953;0.018762;0.00355737
278000;0.0192994;0.018762;0.0286411
279000;0.0186904;0.018762;0.0038149
280000;0.0189821;0.018762;0.0117298
281000;0.0186;0.018762;0.00863563
282000;0.0189327;0.018762;0.00909666
283000;0.0189137;0.018762;0.00808368
284000;0.0187438;0.018762;0.000970214
285000;0.0189149;0.018762;0.00814769
286000;0.0189382;0.018762;0.00939099
287000;0.01902;0.018762;0.0137493
288000;0.0187843;0.018762;0.00118639
289000;0.0189852;0.018762;0.0118934
290000;0.018827;0.018762;0.00346327
291000;0.0188892;0.018762;0.0067778
292000;0.0186329;0.018762;0.00688082
293000;0.0192347;0.018762;0.0251932
294000;0.0187925;0.018762;0.00162391
295000;0.018965;0.018762;0.0108191
296000;0.018936;0.018762;0.00927211
297000;0.0188101;0.018762;0.00256041
298000;0.0190943;0.018762;0.0177116
299000;0.0184996;0.018762;0.0139844
300000;0.0186846;0.018762;0.00412536
301000;0.0186017;0.018762;0.00854584
302000;0.0186397;0.018762;0.00652187
303000;0.0188615;0.018762;0.00530242
304000;0.0187932;0.018762;0.00166334
305000;0.0187879;0.018762;0.00138136
306000;0.0189022;0.018762;0.00747168
307000;0.0184383;0.018762;0.0172547
308000;0.0187287;0.018762;0.00177715
309000;0.0190431;0.018762;0.0149817
310000;0.0187126;0.018762;0.00263523
311000;0.0189922;0.018762;0.0122696
312000;0.0190081;0.018762;0.0131177
313000;0.0188976;0.018762;0.00722888
314000;0.0188437;0.018762;0.00435374
315000;0.0186375;0.018762;0.00663592
316000;0.0188396;0.018762;0.00413486
317000;0.0187399;0.018762;0.0011787
318000;0.0187225;0.018762;0.00210612
319000;0.018681;0.018762;0.00431831
320000;0.0185855;0.018762;0.0094094
321000;0.0187163;0.018762;0.00243763
322000;0.01849;0.018762;0.0144997
323000;0.0189091;0.018762;0.00783916
324000;0.0187791;0.018762;0.000913068
325000;0.018636;0.018762;0.00671872
326000;0.0185045;0.018762;0.0137271
327000;0.018701;0.018762;0.00325473
328000;0.0185708;0.018762;0.0101918
329000;0.0185872;0.018762;0.00931881
330000;0.0187943;0.018762;0.00172008
331000;0.0187017;0.018762;0.00321304
332000;0.0189164;0.018762;0.00822624
333000;0.0189393;0.018762;0.00944938
334000;0.0188835;0.018762;0.00647757
335000;0.0191153;0.018762;0.0188308
336000;0.0186031;0.018762;0.00846994
337000;0.0188719;0.018762;0.00585817
338000;0.0187229;0.018762;0.00208757
339000;0.0186396;0.018762;0.00652409
340000;0.0187118;0.018762;0.00267826
341000;0.0187279;0.018762;0.0018168
342000;0.0186245;0.018762;0.00733196
343000;0.0186914;0.018762;0.00376239
344000;0.0188863;0.018762;0.00662242
345000;0.0186981;0.018762;0.00340824
346000;0.0187604;0.018762;8.83795e-05
347000;0.018797;0.018762;0.00186494
348000;0.0189912;0.018762;0.0122174
349000;0.0185094;0.018762;0.0134659
350000;0.0185057;0.018762;0.0136593
351000;0.0189796;0.018762;0.0115983
352000;0.0186559;0.018762;0.00565481
353000;0.0185943;0.018762;0.00894124
354000;0.0184685;0.018762;0.0156422
355000;0.0188211;0.018762;0.00315062
356000;0.0186232;0.018762;0.00739735
357000;0.0188684;0.018762;0.00566942
358000;0.0188276;0.018762;0.00349301
359000;0.0190006;0.018762;0.0127141
360000;0.0187339;0.018762;0.00149655
361000;0.0186148;0.018762;0.00784533
362000;0.01878;0.018762;0.000959397
363000;0.0188407;0.018762;0.0041961
364000;0.0189743;0.018762;0.0113162
365000;0.0186275;0.018762;0.00716833
366000;0.018931;0.018762;0.0090061
367000;0.0188364;0.018762;0.00396466
368000;0.0187983;0.018762;0.00193208
369000;0.0189437;0.018762;0.00968217
370000;0.0186275;0.018762;0.00717117
371000;0.0186804;0.018762;0.00435156
372000;0.0191051;0.018762;0.0182845
373000;0.0188305;0.018762;0.00365027
374000;0.0184895;0.018762;0.0145231
375000;0.0187307;0.018762;0.00167132
376000;0.018932;0.018762;0.00905936
377000;0.0188654;0.018762;0.00550807
378000;0.018595;0.018762;0.00890191
379000;0.0188493;0.018762;0.00465139
380000;0.0190667;0.018762;0.0162407
381000;0.0188077;0.018762;0.00243376
382000;0.0188235;0.018762;0.00327907
383000;0.0185243;0.018762;0.0126717
384000;0.0187182;0.018762;0.00233789
385000;0.0189194;0.018762;0.00838712
386000;0.0186269;0.018762;0.00720132
387000;0.0189725;0.018762;0.011218
388000;0.018831;0.018762;0.00367441
389000;0.0188205;0.018762;0.0031177
390000;0.0186242;0.018762;0.00734483
391000;0.0188071;0.018762;0.00240316
392000;0.0188513;0.018762;0.0047577
393000;0.0188395;0.018762;0.00412913
394000;0.0187836;0.018762;0.0011506
395000;0.0184801;0.018762;0.0150284
396000;0.019082;0.018762;0.0170545
397000;0.0185383;0.018762;0.0119257
398000;0.0185793;0.018762;0.00973654
399000;0.0188414;0.018762;0.00423297
400000;0.0185354;0.018762;0.0120785
401000;0.0186425;0.018762;0.00637133
402000;0.0185509;0.018762;0.0112509
403000;0.0185872;0.018762;0.00931541
404000;0.018928;0.018762;0.00884438
405000;0.01879;0.018762;0.00149168
406000;0.0185917;0.018762;0.00907947
407000;0.0187233;0.018762;0.0020622
408000;0.0185737;0.018762;0.0100371
409000;0.0188703;0.018762;0.00577058
410000;0.0189826;0.018762;0.0117547
411000;0.019023;0.018762;0.0139121
412000;0.0185668;0.018762;0.0104056
413000;0.0186605;0.018762;0.00541223
414000;0.0186948;0.018762;0.00358348
415000;0.0189014;0.018762;0.00742832
416000;0.0187044;0.018762;0.00307296
417000;0.0186649;0.018762;0.00517858
418000;0.0186545;0.018762;0.00573086
419000;0.0186332;0.018762;0.00686774
420000;0.0186997;0.018762;0.00332186
421000;0.0188928;0.018762;0.00697243
422000;0.019059;0.018762;0.0158308
423000;0.0186521;0.018762;0.00586084
424000;0.0188536;0.018762;0.00487971
425000;0.0187342;0.018762;0.00148487
426000;0.0188045;0.018762;0.00226194
427000;0.0186295;0.018762;0.00706237
428000;0.0186611;0.018762;0.00537839
429000;0.0187039;0.018762;0.00309959
430000;0.0186523;0.018762;0.00585024
431000;0.0187861;0.018762;0.00128465
432000;0.0187036;0.018762;0.00311567
433000;0.0187645;0.018762;0.000131185
434000;0.018863;0.018762;0.0053809
435000;0.0190227;0.018762;0.0138933
436000;0.0187695;0.018762;0.00039973
437000;0.0187738;0.018762;0.000630301
438000;0.0185365;0.018762;0.0120214
439000;0.018869;0.018762;0.00570049
440000;0.0189104;0.018762;0.0079093
441000;0.0186259;0.018762;0.00725694
442000;0.0188082;0.018762;0.00246145
443000;0.0189945;0.018762;0.0123914
444000;0.0188124;0.018762;0.00268494
445000;0.0189366;0.018762;0.00930298
446000;0.0184253;0.018762;0.0179459
447000;0.0187726;0.018762;0.000563588
448000;0.0187562;0.018762;0.00031017
449000;0.0189812;0.018762;0.0116824
450000;0.0188461;0.018762;0.00448355
451000;0.0185799;0.018762;0.00970486
452000;0.0186866;0.018762;0.00402143
453000;0.0186912;0.018762;0.00377502
454000;0.018616;0.018762;0.007784
455000;0.01892;0.018762;0.00841798
456000;0.0187198;0.018762;0.00224862
457000;0.018759;0.018762;0.000162183
458000;0.0189179;0.018762;0.00831042
459000;0.0189052;0.018762;0.007633
460000;0.0184887;0.018762;0.01457
461000;0.0189795;0.018762;0.0115898
462000;0.0186964;0.018762;0.00349811
463000;0.0188426;0.018762;0.00429745
464000;0.0187644;0.018762;0.000126793
465000;0.0187577;0.018762;0.0002293
466000;0.0188327;0.018762;0.00376657
467000;0.0189264;0.018762;0.00876194
468000;0.0186661;0.018762;0.00511465
469000;0.0189145;0.018762;0.00812702
470000;0.0191096;0.018762;0.0185278
471000;0.0186943;0.018762;0.00361
472000;0.0188992;0.018762;0.00731151
473000;0.0187382;0.018762;0.0012668
474000;0.0186516;0.018762;0.00588721
475000;0.0187537;0.018762;0.000442003
476000;0.0186277;0.018762;0.00716012
477000;0.0186938;0.018762;0.00363798
478000;0.0186922;0.018762;0.00372337
479000;0.0187842;0.018762;0.0011806
480000;0.0189642;0.018762;0.010778
481000;0.0187438;0.018762;0.000971059
482000;0.0188015;0.018762;0.00210336
483000;0.0186245;0.018762;0.00732837
484000;0.018958;0.018762;0.0104465
485000;0.0190219;0.018762;0.013854
486000;0.0186992;0.018762;0.00334576
487000;0.0188276;0.018762;0.00349376
488000;0.0188223;0.018762;0.00321432
489000;0.0189263;0.018762;0.00875388
490000;0.0186775;0.018762;0.00450222
491000;0.0188437;0.018762;0.0043561
492000;0.0188038;0.018762;0.00222488
493000;0.0185467;0.018762;0.0114747
494000;0.0187366;0.018762;0.00135675
495000;0.0190313;0.018762;0.0143528
496000;0.0186544;0.018762;0.00573789
497000;0.0189138;0.018762;0.00809135
498000;0.0187393;0.018762;0.00121286
499000;0.0187557;0.018762;0.000337886
500000;0.018979;0.018762;0.0115626
501000;0.0190345;0.018762;0.0145228
502000;0.0186599;0.018762;0.00544293
503000;0.0190383;0.018762;0.0147246
504000;0.0188063;0.018762;0.00236136
505000;0.0187085;0.018762;0.00285332
506000;0.0186666;0.018762;0.00508572
507000;0.0186195;0.018762;0.00759777
508000;0.0189472;0.018762;0.00986774
509000;0.0187922;0.018762;0.00160696
510000;0.0187673;0.018762;0.000283274
511000;0.0189214;0.018762;0.00849435
512000;0.0187122;0.018762;0.00265398
513000;0.0186207;0.018762;0.00753397
514000;0.0189252;0.018762;0.00869756
515000;0.0187704;0.018762;0.000448419
516000;0.0186338;0.018762;0.00683481
517000;0.0187694;0.018762;0.000394216
518000;0.0188098;0.018762;0.00254432
519000;0.0187768;0.018762;0.000789974
520000;0.0185965;0.018762;0.00881979
521000;0.0187983;0.018762;0.00193382
522000;0.0185267;0.018762;0.0125416
523000;0.0186904;0.018762;0.00381524
524000;0.0185971;0.018762;0.00878773
525000;0.0189167;0.018762;0.00824437
526000;0.0188987;0.018762;0.00728688
527000;0.018903;0.018762;0.00751648
528000;0.0189352;0.018762;0.00923275
529000;0.0187384;0.018762;0.00125677
530000;0.01855;0.018762;0.0113024
531000;0.0188472;0.018762;0.00453979
532000;0.018777;0.018762;0.000796424
533000;0.0188834;0.018762;0.00646957
534000;0.0184599;0.018762;0.0161012
535000;0.0188866;0.018762;0.00664229
536000;0.0189247;0.018762;0.00866939
537000;0.0189938;0.018762;0.0123552
538000;0.0187275;0.018762;0.00183758
539000;0.0188363;0.018762;0.00395969
540000;0.0187876;0.018762;0.00136572
541000;0.0188669;0.018762;0.00559048
542000;0.0188476;0.018762;0.00456272
543000;0.01868;0.018762;0.0043733
544000;0.018693;0.018762;0.00367735
545000;0.0186077;0.018762;0.00822618
546000;0.0187403;0.018762;0.00115724
547000;0.0190546;0.018762;0.0155929
548000;0.0187512;0.018762;0.000575195
549000;0.0188124;0.018762;0.00268612
550000;0.0187335;0.018762;0.00151931
551000;0.0187684;0.018762;0.000342131
552000;0.0188241;0.018762;0.0033084
553000;0.0185785;0.018762;0.00977936
554000;0.0188452;0.018762;0.00443447
555000;0.0187386;0.018762;0.00124747
556000;0.0187063;0.018762;0.00297149
557000;0.0184906;0.018762;0.014467
558000;0.0185859;0.018762;0.00938801
559000;0.018588;0.018762;0.00927546
560000;0.0190549;0.018762;0.0156126
561000;0.0183967;0.018762;0.0194706
562000;0.0187421;0.018762;0.0010639
563000;0.0187849;0.018762;0.00122026
564000;0.0184857;0.018762;0.0147289
565000;0.0187269;0.018762;0.00187133
566000;0.0188339;0.018762;0.00383121
567000;0.0187022;0.018762;0.00318612
568000;0.0187673;0.018762;0.000281369
569000;0.0187438;0.018762;0.000968622
570000;0.0185683;0.018762;0.0103257
571000;0.0188738;0.018762;0.00595787
572000;0.0187637;0.018762;9.21798e-05
573000;0.0188186;0.018762;0.00301522
574000;0.0187572;0.018762;0.00025478
575000;0.0189273;0.018762;0.00881142
576000;0.0187171;0.018762;0.00239222
577000;0.0187547;0.018762;0.000389844
578000;0.0187984;0.018762;0.00194112
579000;0.018618;0.018762;0.00767468
580000;0.0188719;0.018762;0.00585571
581000;0.0187322;0.018762;0.00159111
582000;0.0188313;0.018762;0.00369114
583000;0.0188331;0.018762;0.00379089
584000;0.0186891;0.018762;0.00388609
585000;0.0186545;0.018762;0.00572794
586000;0.0188266;0.018762;0.00344232
587000;0.0189624;0.018762;0.0106781
588000;0.0186644;0.018762;0.00520177
589000;0.0190269;0.018762;0.0141159
590000;0.0185569;0.018762;0.0109305
591000;0.0188486;0.018762;0.00461663
592000;0.0185863;0.018762;0.00936388
593000;0.0187726;0.018762;0.000565284
594000;0.0185937;0.018762;0.00897189
595000;0.0187213;0.018762;0.00216878
596000;0.0188123;0.018762;0.00268046
597000;0.0189258;0.018762;0.00873097
598000;0.0188195;0.018762;0.00306338
599000;0.0185721;0.018762;0.0101226
600000;0.0189126;0.018762;0.00802469
601000;0.0189732;0.018762;0.0112537
602000;0.0186262;0.018762;0.00723771
603000;0.0188557;0.018762;0.00499406
604000;0.0191236;0.018762;0.0192728
605000;0.0186445;0.018762;0.00626128
606000;0.0187573;0.018762;0.000249183
607000;0.0186974;0.018762;0.0034456
608000;0.0186242;0.018762;0.00734753
609000;0.0188635;0.018762;0.00540931
610000;0.0187206;0.018762;0.00220787
611000;0.0186203;0.018762;0.00755253
612000;0.0187289;0.018762;0.00176429
613000;0.0185082;0.018762;0.013529
614000;0.0189709;0.018762;0.0111352
615000;0.0188746;0.018762;0.00600041
616000;0.0188168;0.018762;0.00291904
617000;0.0185568;0.018762;0.0109377
618000;0.0186376;0.018762;0.00663245
619000;0.0187098;0.018762;0.00278238
620000;0.0189004;0.018762;0.00737568
621000;0.0188303;0.018762;0.00364105
622000;0.0186669;0.018762;0.00506703
623000;0.0187566;0.018762;0.000287001
624000;0.0185153;0.018762;0.0131478
625000;0.0188491;0.018762;0.00463938
626000;0.0187584;0.018762;0.000190541
627000;0.0187768;0.018762;0.00078599
628000;0.0186625;0.018762;0.00530359
629000;0.0184382;0.018762;0.0172604
630000;0.0188507;0.018762;0.00472714
631000;0.0186743;0.018762;0.00467435
632000;0.018856;0.018762;0.00500737
633000;0.0186368;0.018762;0.00667528
634000;0.0187689;0.018762;0.000364473
635000;0.0185978;0.018762;0.00875508
636000;0.0189072;0.018762;0.0077376
637000;0.0188786;0.018762;0.00621557
638000;0.0187211;0.018762;0.00218296
639000;0.0188025;0.018762;0.00215924
640000;0.0187265;0.018762;0.0018906
641000;0.0185058;0.018762;0.0136559
642000;0.0185796;0.018762;0.00972296
643000;0.0187398;0.018762;0.0011865
644000;0.0187567;0.018762;0.000283643
645000;0.0187213;0.018762;0.00217205
646000;0.0189972;0.018762;0.0125358
647000;0.0188092;0.018762;0.00251611
648000;0.019008;0.018762;0.0131103
649000;0.0188013;0.018762;0.00209554
650000;0.01881;0.018762;0.00255985
651000;0.0187215;0.018762;0.00215907
652000;0.0186881;0.018762;0.00394231
653000;0.0187743;0.018762;0.000656216
654000;0.0188475;0.018762;0.00455356
655000;0.0185353;0.018762;0.0120858
656000;0.0187617;0.018762;1.55984e-05
657000;0.0188331;0.018762;0.00378662
658000;0.0188741;0.018762;0.00597474
659000;0.0187152;0.018762;0.00249367
660000;0.018664;0.018762;0.00522435
661000;0.0188235;0.018762;0.0032759
662000;0.0185817;0.018762;0.00961246
663000;0.018643;0.018762;0.006345
664000;0.0187161;0.018762;0.00244748
665000;0.0187908;0.018762;0.0015339
666000;0.0187043;0.018762;0.003078
667000;0.0189953;0.018762;0.012433
668000;0.0187747;0.018762;0.000678225
669000;0.0188478;0.018762;0.00457165
670000;0.0187691;0.018762;0.000378309
671000;0.0188295;0.018762;0.00359496
672000;0.0187202;0.018762;0.00222624
673000;0.018924;0.018762;0.00863364
674000;0.0189049;0.018762;0.00761353
675000;0.0185909;0.018762;0.00911805
676000;0.0186085;0.018762;0.00818283
677000;0.0186536;0.018762;0.00577638
678000;0.0187578;0.018762;0.000224377
679000;0.0187836;0.018762;0.00115219
680000;0.018805;0.018762;0.00229108
681000;0.0188418;0.018762;0.00425313
682000;0.01865;0.018762;0.00597089
683000;0.0187432;0.018762;0.00100061
684000;0.018775;0.018762;0.000691529
685000;0.0188358;0.018762;0.00393328
686000;0.0186176;0.018762;0.00769566
687000;0.018756;0.018762;0.000320364
688000;0.0187169;0.018762;0.00240214
689000;0.0187026;0.018762;0.00316529
690000;0.0187494;0.018762;0.000671093
691000;0.0188041;0.018762;0.00224493
692000;0.0188517;0.018762;0.00477748
693000;0.018691;0.018762;0.00378331
694000;0.0187849;0.018762;0.00122068
695000;0.0189897;0.018762;0.0121369
696000;0.0188388;0.018762;0.00409277
697000;0.0187886;0.018762;0.0014147
698000;0.0186421;0.018762;0.00639247
699000;0.0189006;0.018762;0.0073867
700000;0.0188866;0.018762;0.00664091
701000;0.0187741;0.018762;0.000645174
702000;0.0187051;0.018762;0.00303539
703000;0.0189123;0.018762;0.00800773
704000;0.0188046;0.018762;0.00226746
705000;0.0187004;0.018762;0.00328595
706000;0.0189385;0.018762;0.00940852
707000;0.0189756;0.018762;0.0113813
708000;0.0188302;0.018762;0.0036329
709000;0.0188766;0.018762;0.00610916
710000;0.0185711;0.018762;0.0101768
711000;0.018712;0.018762;0.00266736
712000;0.0187454;0.018762;0.000884654
713000;0.0188586;0.018762;0.005148
714000;0.0189126;0.018762;0.00802797
715000;0.0186067;0.018762;0.00828079
716000;0.0187002;0.018762;0.00329249
717000;0.0187844;0.018762;0.00119308
718000;0.0188766;0.018762;0.00610775
719000;0.0186934;0.018762;0.00365904
720000;0.0188591;0.018762;0.0051754
721000;0.0188995;0.018762;0.00733013
722000;0.0187882;0.018762;0.00139783
723000;0.0188575;0.018762;0.00508767
724000;0.0187329;0.018762;0.00155199
725000;0.0185701;0.018762;0.0102312
726000;0.018952;0.018762;0.0101248
727000;0.0186634;0.018762;0.00525563
728000;0.0190331;0.018762;0.0144496
729000;0.0189983;0.018762;0.0125953
730000;0.0186859;0.018762;0.00405935
731000;0.0188252;0.018762;0.0033656
732000;0.0188684;0.018762;0.0056723
733000;0.0187838;0.018762;0.00115923
734000;0.0185954;0.018762;0.00888136
735000;0.0185935;0.018762;0.00898147
736000;0.018667;0.018762;0.00506578
737000;0.018817;0.018762;0.00293162
738000;0.0187248;0.018762;0.00198412
739000;0.0188085;0.018762;0.00247488
740000;0.0188651;0.018762;0.00549676
741000;0.0188279;0.018762;0.00351027
742000;0.0188794;0.018762;0.00625745
743000;0.0188147;0.018762;0.00280942
744000;0.0189786;0.018762;0.0115458
745000;0.0187173;0.018762;0.00238242
746000;0.0186804;0.018762;0.0043513
747000;0.018807;0.018762;0.00239599
748000;0.0186026;0.018762;0.00849652
749000;0.0187656;0.018762;0.000190848
750000;0.0186965;0.018762;0.00349146
751000;0.0187734;0.018762;0.000609122
752000;0.0188038;0.018762;0.00222711
753000;0.0187445;0.018762;0.000935519
754000;0.0186567;0.018762;0.005611
755000;0.0189137;0.018762;0.00808587
756000;0.0185317;0.018762;0.0122742
757000;0.018651;0.018762;0.00591903
758000;0.0186942;0.018762;0.00361651
759000;0.0188313;0.018762;0.00369348
760000;0.0187675;0.018762;0.000289724
761000;0.0189032;0.018762;0.00752709
762000;0.0187033;0.018762;0.003132
763000;0.0188891;0.018762;0.00677471
764000;0.0187285;0.018762;0.00178893
765000;0.0186529;0.018762;0.0058156
766000;0.0187965;0.018762;0.00184038
767000;0.0186742;0.018762;0.00467804
768000;0.0185419;0.018762;0.0117332
769000;0.0186066;0.018762;0.00828202
770000;0.0188741;0.018762;0.00597249
771000;0.0187056;0.018762;0.00300952
772000;0.018639;0.018762;0.00655436
773000;0.0188551;0.018762;0.00496171
774000;0.0187202;0.018762;0.00222746
775000;0.0186648;0.018762;0.00517942
776000;0.0188732;0.018762;0.00592398
777000;0.0188108;0.018762;0.0026013
778000;0.0189706;0.018762;0.0111146
779000;0.0185813;0.018762;0.00962973
780000;0.0186519;0.018762;0.00586947
781000;0.0184434;0.018762;0.0169794
782000;0.0188152;0.018762;0.00283434
783000;0.0187736;0.018762;0.000616709
784000;0.0187563;0.018762;0.000303046
785000;0.0188681;0.018762;0.0056525
786000;0.0185757;0.018762;0.009932
787000;0.0186196;0.018762;0.00759225
788000;0.018857;0.018762;0.00506319
789000;0.0187328;0.018762;0.00155971
790000;0.0188679;0.018762;0.0056435
791000;0.0187604;0.018762;8.83535e-05
792000;0.0187776;0.018762;0.000832063
793000;0.0185915;0.018762;0.0090903
794000;0.0187488;0.018762;0.000704367
795000;0.0187361;0.018762;0.00138311
796000;0.018617;0.018762;0.00772778
797000;0.018562;0.018762;0.0106599
798000;0.018737;0.018762;0.00133145
799000;0.018735;0.018762;0.0014396
800000;0.0186924;0.018762;0.00371254
801000;0.018775;0.018762;0.000690544
802000;0.018727;0.018762;0.00186851
803000;0.0187531;0.018762;0.000476512
804000;0.0186718;0.018762;0.00480829
805000;0.0187936;0.018762;0.00168383
806000;0.0187496;0.018762;0.000659223
807000;0.01872;0.018762;0.00223824
808000;0.0188547;0.018762;0.00494032
809000;0.0186882;0.018762;0.00393413
810000;0.0189682;0.018762;0.010989
811000;0.0188033;0.018762;0.00220028
812000;0.0187335;0.018762;0.00151838
813000;0.018605;0.018762;0.00836768
814000;0.0184858;0.018762;0.0147246
815000;0.0188525;0.018762;0.00482439
816000;0.0187043;0.018762;0.00307748
817000;0.0187636;0.018762;8.19827e-05
818000;0.0188116;0.018762;0.0026437
819000;0.018754;0.018762;0.000424861
820000;0.0187495;0.018762;0.000667166
821000;0.0187287;0.018762;0.0017773
822000;0.0186636;0.018762;0.00524466
823000;0.0187844;0.018762;0.00119323
824000;0.0186837;0.018762;0.00417212
825000;0.0186308;0.018762;0.00699299
826000;0.0187526;0.018762;0.00050018
827000;0.0188461;0.018762;0.00448033
828000;0.0186072;0.018762;0.00825184
829000;0.0189011;0.018762;0.00741295
830000;0.0188004;0.018762;0.00204496
831000;0.0188823;0.018762;0.00640968
832000;0.0186963;0.018762;0.00350507
833000;0.0187244;0.018762;0.00200253
834000;0.0188693;0.018762;0.00571595
835000;0.0185874;0.018762;0.00930559
836000;0.0186267;0.018762;0.00721162
837000;0.0186252;0.018762;0.00729202
838000;0.0188103;0.018762;0.00257311
839000;0.0186381;0.018762;0.0066071
840000;0.0189927;0.018762;0.0122967
841000;0.0188556;0.018762;0.00498693
842000;0.0187875;0.018762;0.00135688
843000;0.0188111;0.018762;0.00261715
844000;0.0186444;0.018762;0.00626796
845000;0.0186951;0.018762;0.00356676
846000;0.0187373;0.018762;0.00131605
847000;0.0185879;0.018762;0.00928139
848000;0.0187225;0.018762;0.00210649
849000;0.0189344;0.018762;0.00918665
850000;0.0189528;0.018762;0.0101679
851000;0.0187254;0.018762;0.00195151
852000;0.0186742;0.018762;0.00467793
853000;0.0190107;0.018762;0.0132562
854000;0.0186234;0.018762;0.00738586
855000;0.0187553;0.018762;0.000360619
856000;0.018772;0.018762;0.000533616
857000;0.0186091;0.018762;0.00815227
858000;0.0187512;0.018762;0.000576275
859000;0.0187218;0.018762;0.00214491
860000;0.0189849;0.018762;0.0118801
861000;0.0185624;0.018762;0.0106373
862000;0.0188194;0.018762;0.00306073
863000;0.0186624;0.018762;0.00530799
864000;0.0187885;0.018762;0.00140901
865000;0.0188081;0.018762;0.00245445
866000;0.0187689;0.018762;0.000366297
867000;0.0186598;0.018762;0.00544738
868000;0.0187382;0.018762;0.00127139
869000;0.0187398;0.018762;0.00118341
870000;0.0189161;0.018762;0.00821433
871000;0.0188542;0.018762;0.00491557
872000;0.0187206;0.018762;0.00220583
873000;0.0186311;0.018762;0.00697689
874000;0.0185169;0.018762;0.0130671
875000;0.0185655;0.018762;0.0104738
876000;0.018748;0.018762;0.000745157
877000;0.0187977;0.018762;0.00189961
878000;0.0188271;0.018762;0.00347135
879000;0.0187646;0.018762;0.000139109
880000;0.0189566;0.018762;0.0103687
881000;0.0187975;0.018762;0.00189018
882000;0.0187964;0.018762;0.00183499
883000;0.0186135;0.018762;0.00791613
884000;0.0188262;0.018762;0.00341911
885000;0.0186249;0.018762;0.00730945
886000;0.0187858;0.018762;0.00126983
887000;0.0188426;0.018762;0.00429382
888000;0.0187316;0.018762;0.00162316
889000;0.0186353;0.018762;0.00675336
890000;0.0188032;0.018762;0.00219388
891000;0.0186482;0.018762;0.00606535
892000;0.0188572;0.018762;0.00507117
893000;0.0187079;0.018762;0.0028859
894000;0.0189122;0.018762;0.00800488
895000;0.0187635;0.018762;7.92628e-05
896000;0.0188661;0.018762;0.00554506
897000;0.0186171;0.018762;0.00772403
898000;0.018894;0.018762;0.00703469
899000;0.01859;0.018762;0.00916885
900000;0.0188847;0.018762;0.00654044
901000;0.0188039;0.018762;0.00223403
902000;0.0186917;0.018762;0.00374774
903000;0.0186295;0.018762;0.00706437
904000;0.0187832;0.018762;0.00113077
905000;0.0189823;0.018762;0.0117388
906000;0.0187781;0.018762;0.000855586
907000;0.0187994;0.018762;0.00199069
908000;0.0188897;0.018762;0.00680626
909000;0.0188132;0.018762;0.00272981
910000;0.0187921;0.018762;0.00160426
911000;0.0187216;0.018762;0.00215476
912000;0.0188198;0.018762;0.00307809
913000;0.0188747;0.018762;0.00600365
914000;0.0188422;0.018762;0.00427624
915000;0.0186147;0.018762;0.00785449
916000;0.0187486;0.018762;0.000714981
917000;0.0187918;0.018762;0.00158659
918000;0.018594;0.018762;0.0089536
919000;0.01868;0.018762;0.00437265
920000;0.0187522;0.018762;0.000521803
921000;0.018707;0.018762;0.00293318
922000;0.0187091;0.018762;0.00282205
923000;0.0188039;0.018762;0.00223066
924000;0.0187506;0.018762;0.000609469
925000;0.0187054;0.018762;0.00302003
926000;0.0186858;0.018762;0.00406412
927000;0.018626;0.018762;0.00724863
928000;0.0187616;0.018762;2.0017e-05
929000;0.0188172;0.018762;0.00293892
930000;0.0188912;0.018762;0.00688694
931000;0.0188837;0.018762;0.00648366
932000;0.0186552;0.018762;0.00569067
933000;0.0189672;0.018762;0.010936
934000;0.0186108;0.018762;0.00806029
935000;0.0188334;0.018762;0.00380672
936000;0.0187519;0.018762;0.000539992
937000;0.0188216;0.018762;0.00317659
938000;0.0188013;0.018762;0.00209526
939000;0.0188494;0.018762;0.00465539
940000;0.0187788;0.018762;0.000893562
941000;0.018588;0.018762;0.00927277
942000;0.0187264;0.018762;0.00189842
943000;0.0188747;0.018762;0.00600796
944000;0.0187882;0.018762;0.00139642
945000;0.0185832;0.018762;0.00953198
946000;0.0186957;0.018762;0.00353609
947000;0.01872;0.018762;0.00224152
948000;0.018715;0.018762;0.00250511
949000;0.0186424;0.018762;0.006375
950000;0.0188674;0.018762;0.00561511
951000;0.0186792;0.018762;0.00441297
952000;0.018677;0.018762;0.00453247
953000;0.0188214;0.018762;0.00316286
954000;0.0189027;0.018762;0.007499
955000;0.0187253;0.018762;0.00195519
956000;0.0190099;0.018762;0.0132141
957000;0.0186888;0.018762;0.00390017
958000;0.0187138;0.018762;0.0025688
959000;0.0189541;0.018762;0.0102389
960000;0.0188999;0.018762;0.0073515
961000;0.0188603;0.018762;0.0052395
962000;0.018754;0.018762;0.000425155
963000;0.0188863;0.018762;0.00662442
964000;0.0188453;0.018762;0.00443971
965000;0.0187667;0.018762;0.000250545
966000;0.0187648;0.018762;0.000148547
967000;0.0187119;0.018762;0.00267265
968000;0.0186889;0.018762;0.00389663
969000;0.0188144;0.018762;0.00279161
970000;0.0186688;0.018762;0.00496866
971000;0.0188808;0.018762;0.00633229
972000;0.0188159;0.018762;0.00287414
973000;0.0188041;0.018762;0.002242
974000;0.0186428;0.018762;0.00635189
975000;0.0186199;0.018762;0.00757284
976000;0.0186777;0.018762;0.00449608
977000;0.0187511;0.018762;0.000580426
978000;0.0186776;0.018762;0.00449698
979000;0.0187675;0.018762;0.000291662
980000;0.0187095;0.018762;0.00279977
981000;0.018686;0.018762;0.00404907
982000;0.0188272;0.018762;0.00347655
983000;0.018667;0.018762;0.00506363
984000;0.0187667;0.018762;0.000248229
985000;0.0185747;0.018762;0.00998398
986000;0.0187321;0.018762;0.00159487
987000;0.0186698;0.018762;0.00491461
988000;0.0188;0.018762;0.00202419
989000;0.0186346;0.018762;0.00679211
990000;0.0187027;0.018762;0.003162
991000;0.0187539;0.018762;0.000432971
992000;0.0188781;0.018762;0.00618506
993000;0.0187551;0.018762;0.000368098
994000;0.0187848;0.018762;0.00121572
995000;0.0189521;0.018762;0.0101339
996000;0.0186622;0.018762;0.00531874
997000;0.0187093;0.018762;0.00281179
998000;0.018752;0.018762;0.000531514
999000;0.0186906;0.018762;0.00380435
1000000;0.0188499;0.018762;0.00468192
