nSimulations;MC_Price_Antithetic;Relative_Error
1000;10.3095;0.0134975
2000;10.3019;0.0142271
3000;10.1563;0.0281565
4000;10.5846;0.0128256
5000;10.5302;0.00761629
6000;10.3448;0.0101247
7000;10.3574;0.00891564
8000;10.3919;0.00561621
9000;10.27;0.0172839
10000;10.4718;0.0020333
11000;10.4246;0.00248767
12000;10.3382;0.0107535
13000;10.3848;0.00629371
14000;10.4338;0.001605
15000;10.5207;0.00670685
16000;10.5433;0.00887518
17000;10.4441;0.000618142
18000;10.4389;0.00111446
19000;10.4247;0.00247693
20000;10.4888;0.00365724
21000;10.7057;0.0244088
22000;10.5392;0.00847831
23000;10.5204;0.00667854
24000;10.4018;0.00467125
25000;10.4974;0.00448064
26000;10.5091;0.00559928
27000;10.458;0.00071385
28000;10.411;0.00378787
29000;10.5194;0.0065856
30000;10.4373;0.00126701
31000;10.3615;0.00852887
32000;10.5295;0.00755557
33000;10.3604;0.00862727
34000;10.464;0.00128375
35000;10.382;0.00656027
36000;10.422;0.00273418
37000;10.4045;0.00441325
38000;10.4245;0.00249531
39000;10.4902;0.0037873
40000;10.3882;0.00597275
41000;10.462;0.00109454
42000;10.4588;0.000789448
43000;10.4195;0.00297669
44000;10.5174;0.00638992
45000;10.5156;0.00621671
46000;10.4277;0.00219412
47000;10.4131;0.00358315
48000;10.4781;0.00263739
49000;10.4273;0.00223124
50000;10.4763;0.00245807
51000;10.4496;9.14091e-05
52000;10.4414;0.000879569
53000;10.3962;0.00520004
54000;10.3589;0.00877418
55000;10.392;0.00560163
56000;10.3595;0.00871219
57000;10.5168;0.00633621
58000;10.4424;0.000784383
59000;10.4804;0.0028537
60000;10.4572;0.00063052
61000;10.4625;0.00113961
62000;10.4688;0.00174647
63000;10.4919;0.0039556
64000;10.4722;0.00206429
65000;10.4445;0.000580981
66000;10.4678;0.00164986
67000;10.4273;0.00222592
68000;10.4154;0.00336282
69000;10.4316;0.00182046
70000;10.5285;0.00745316
71000;10.4663;0.00150175
72000;10.4939;0.00414069
73000;10.4874;0.00352235
74000;10.457;0.000616207
75000;10.4088;0.00399577
76000;10.4802;0.00283187
77000;10.4487;0.000184907
78000;10.4756;0.00239294
79000;10.419;0.00302087
80000;10.4713;0.0019857
81000;10.4375;0.00125144
82000;10.4491;0.00014125
83000;10.4723;0.00207827
84000;10.5408;0.00863393
85000;10.4783;0.00264809
86000;10.4472;0.000319122
87000;10.5274;0.00734842
88000;10.4271;0.00224342
89000;10.4954;0.00429251
90000;10.5076;0.00546011
91000;10.4404;0.000971543
92000;10.4824;0.00304085
93000;10.3938;0.00543818
94000;10.4659;0.00146319
95000;10.4521;0.000145634
96000;10.4807;0.00287892
97000;10.4669;0.00156347
98000;10.5363;0.00820491
99000;10.421;0.00282622
100000;10.4114;0.00375089
101000;10.4691;0.00177091
102000;10.4159;0.0033164
103000;10.4473;0.00031172
104000;10.4711;0.00196364
105000;10.4608;0.000979861
106000;10.4738;0.00222433
107000;10.4467;0.000369119
108000;10.4995;0.00468313
109000;10.4455;0.000488097
110000;10.4928;0.00404192
111000;10.4118;0.00370662
112000;10.4896;0.00373635
113000;10.4305;0.00192509
114000;10.4141;0.00349574
115000;10.4996;0.0046903
116000;10.4365;0.00135214
117000;10.4973;0.00447404
118000;10.439;0.00110633
119000;10.4609;0.000984247
120000;10.448;0.000244928
121000;10.474;0.00223839
122000;10.4502;3.54718e-05
123000;10.434;0.00158981
124000;10.4431;0.000718577
125000;10.4633;0.00122138
126000;10.4634;0.00122711
127000;10.4922;0.00397981
128000;10.5067;0.0053681
129000;10.4498;7.03546e-05
130000;10.4429;0.000739476
131000;10.4851;0.00330267
132000;10.3811;0.00664445
133000;10.4614;0.00103057
134000;10.4326;0.00171869
135000;10.3928;0.00553114
136000;10.4469;0.000352145
137000;10.4472;0.000320184
138000;10.3835;0.00641916
139000;10.4838;0.00317725
140000;10.4221;0.00272318
141000;10.4195;0.00296958
142000;10.4275;0.00220557
143000;10.4856;0.00335386
144000;10.4378;0.00122748
145000;10.4325;0.00173329
146000;10.4198;0.00294454
147000;10.5149;0.00615417
148000;10.4326;0.00171829
149000;10.4317;0.00181116
150000;10.4829;0.00309337
151000;10.4222;0.00271509
152000;10.4675;0.00161903
153000;10.4796;0.00277408
154000;10.4896;0.00373615
155000;10.4641;0.0012981
156000;10.4855;0.00334496
157000;10.4473;0.000316349
158000;10.4105;0.00383364
159000;10.4563;0.000551073
160000;10.413;0.00359509
161000;10.4663;0.00150233
162000;10.4368;0.00131746
163000;10.4297;0.00200027
164000;10.4253;0.002416
165000;10.4341;0.0015812
166000;10.4529;0.000218209
167000;10.4489;0.000160289
168000;10.4134;0.00355526
169000;10.4621;0.00110546
170000;10.4356;0.00143214
171000;10.4469;0.00034929
172000;10.4749;0.0023255
173000;10.4097;0.00391392
174000;10.4259;0.00235769
175000;10.4351;0.00148499
176000;10.4886;0.00363476
177000;10.4148;0.00342619
178000;10.4426;0.000760066
179000;10.4238;0.00256748
180000;10.4447;0.000567465
181000;10.4242;0.00252652
182000;10.4615;0.00104409
183000;10.3822;0.00654793
184000;10.4592;0.000826824
185000;10.4572;0.000631777
186000;10.4335;0.00163768
187000;10.4402;0.000996175
188000;10.4416;0.00086032
189000;10.4821;0.00301619
190000;10.487;0.00348288
191000;10.4541;0.000337051
192000;10.4629;0.00117784
193000;10.4115;0.0037366
194000;10.4958;0.0043314
195000;10.4455;0.000487873
196000;10.47;0.00186177
197000;10.4325;0.00173423
198000;10.4256;0.00239395
199000;10.3966;0.00516084
200000;10.4638;0.00126305
201000;10.457;0.000609246
202000;10.4139;0.00351397
203000;10.4329;0.00169648
204000;10.4466;0.000380562
205000;10.4431;0.00071241
206000;10.472;0.00205359
207000;10.439;0.00110384
208000;10.4453;0.000509625
209000;10.4653;0.00140725
210000;10.4784;0.00265944
211000;10.4628;0.00117025
212000;10.4719;0.00203708
213000;10.476;0.00243428
214000;10.5191;0.00655375
215000;10.4594;0.000845751
216000;10.4477;0.000273714
217000;10.43;0.00196525
218000;10.4578;0.000687739
219000;10.4382;0.00118626
220000;10.4531;0.000239414
221000;10.4392;0.00108474
222000;10.4508;1.91788e-05
223000;10.4603;0.000926294
224000;10.5249;0.00711208
225000;10.4471;0.00033787
226000;10.4528;0.000210162
227000;10.4274;0.00221904
228000;10.4392;0.00108861
229000;10.4426;0.000764671
230000;10.4682;0.00168507
231000;10.4548;0.000399694
232000;10.4388;0.00112346
233000;10.4779;0.00261714
234000;10.4293;0.0020341
235000;10.447;0.000345293
236000;10.4456;0.000473571
237000;10.4657;0.00144331
238000;10.4541;0.00033801
239000;10.4482;0.00023232
240000;10.4403;0.000983289
241000;10.4336;0.00162643
242000;10.4439;0.00064223
243000;10.4638;0.00126353
244000;10.4559;0.000505411
245000;10.4458;0.000453833
246000;10.4711;0.00195911
247000;10.4207;0.00286282
248000;10.4541;0.000337763
249000;10.4442;0.000609431
250000;10.4584;0.000747613
251000;10.4633;0.00121257
252000;10.484;0.00319348
253000;10.4493;0.000124582
254000;10.4401;0.00100607
255000;10.4457;0.000470642
256000;10.4474;0.000305913
257000;10.4707;0.00192127
258000;10.4684;0.00170442
259000;10.3942;0.00539434
260000;10.4616;0.00105586
261000;10.4834;0.0031436
262000;10.4321;0.00176852
263000;10.4203;0.00289465
264000;10.4628;0.00116561
265000;10.45;5.43729e-05
266000;10.4597;0.000876168
267000;10.4465;0.000393059
268000;10.4364;0.00135548
269000;10.4581;0.000718958
270000;10.4352;0.0014692
271000;10.4229;0.00264837
272000;10.442;0.000825532
273000;10.4649;0.00136656
274000;10.4592;0.00082442
275000;10.4412;0.000894608
276000;10.4816;0.00297211
277000;10.4385;0.0011569
278000;10.4207;0.0028622
279000;10.4433;0.000695978
280000;10.4234;0.0026019
281000;10.461;0.000994251
282000;10.4893;0.00370332
283000;10.4379;0.00121581
284000;10.4807;0.00288057
285000;10.4753;0.00236702
286000;10.4334;0.00164214
287000;10.4343;0.00155364
288000;10.5019;0.00490735
289000;10.4622;0.00111526
290000;10.4822;0.00302694
291000;10.4471;0.00032894
292000;10.4698;0.00183495
293000;10.4363;0.00136546
294000;10.4438;0.000647779
295000;10.4684;0.00170363
296000;10.4599;0.000887306
297000;10.4468;0.000358014
298000;10.4716;0.00201562
299000;10.4617;0.00106235
300000;10.4265;0.00230892
301000;10.4377;0.00123467
302000;10.4782;0.00263998
303000;10.4157;0.00334223
304000;10.4236;0.00257812
305000;10.4645;0.0013276
306000;10.4265;0.00230581
307000;10.4661;0.00148922
308000;10.4335;0.00163774
309000;10.471;0.00195779
310000;10.4464;0.000400757
311000;10.4201;0.00291671
312000;10.4276;0.00219678
313000;10.4696;0.00181688
314000;10.4672;0.00158775
315000;10.4502;3.6513e-05
316000;10.4422;0.000800949
317000;10.4406;0.000958503
318000;10.4414;0.000881585
319000;10.4537;0.000302881
320000;10.4667;0.00154514
321000;10.4656;0.0014383
322000;10.4541;0.000335991
323000;10.4458;0.000455954
324000;10.4368;0.00131457
325000;10.4324;0.00173693
326000;10.4396;0.00105523
327000;10.4435;0.000678916
328000;10.4792;0.00274301
329000;10.4471;0.000332619
330000;10.455;0.000423055
331000;10.4416;0.000857508
332000;10.4318;0.00179716
333000;10.4517;0.000106367
334000;10.4417;0.000847514
335000;10.4614;0.00103939
336000;10.4426;0.000759608
337000;10.4486;0.000186551
338000;10.4599;0.000890567
339000;10.4462;0.000415672
340000;10.4648;0.00136196
341000;10.4697;0.00183208
342000;10.4368;0.00131603
343000;10.4338;0.00160849
344000;10.4851;0.00330212
345000;10.4638;0.00126233
346000;10.4394;0.00107013
347000;10.4945;0.00420674
348000;10.4504;1.97246e-05
349000;10.4639;0.00127734
350000;10.4829;0.00309116
351000;10.4259;0.00235954
352000;10.461;0.000999497
353000;10.4935;0.00410737
354000;10.4588;0.000786569
355000;10.4216;0.00277416
356000;10.4802;0.00283591
357000;10.4513;7.27814e-05
358000;10.4338;0.00160927
359000;10.4574;0.000655672
360000;10.4869;0.00347579
361000;10.4842;0.00321568
362000;10.4394;0.0010729
363000;10.4511;4.86271e-05
364000;10.4294;0.00202596
365000;10.4397;0.00103898
366000;10.4448;0.000549658
367000;10.4347;0.0015157
368000;10.4501;4.90343e-05
369000;10.448;0.000251365
370000;10.4711;0.00196385
371000;10.462;0.00109561
372000;10.4384;0.0011663
373000;10.4662;0.00149813
374000;10.4585;0.000761224
375000;10.4707;0.00192881
376000;10.4562;0.000538428
377000;10.4154;0.00336449
378000;10.4426;0.000759716
379000;10.4446;0.000574384
380000;10.4407;0.000942644
381000;10.4601;0.000913487
382000;10.4604;0.000936876
383000;10.45;5.25171e-05
384000;10.4507;1.45339e-05
385000;10.4377;0.00122992
386000;10.4747;0.00231137
387000;10.4366;0.00134072
388000;10.4617;0.00106607
389000;10.4531;0.000244963
390000;10.4576;0.000670382
391000;10.4603;0.000933526
392000;10.4364;0.00135417
393000;10.4568;0.000599085
394000;10.4329;0.0016911
395000;10.457;0.000617419
396000;10.4508;1.95955e-05
397000;10.4429;0.000735906
398000;10.4511;4.56536e-05
399000;10.455;0.000421475
400000;10.4605;0.000953229
401000;10.4267;0.00228502
402000;10.4585;0.000761273
403000;10.4553;0.000451109
404000;10.4643;0.00131442
405000;10.4629;0.00117921
406000;10.4319;0.00178436
407000;10.4269;0.00226827
408000;10.5004;0.00476764
409000;10.4652;0.00139397
410000;10.4515;9.17367e-05
411000;10.4687;0.00173065
412000;10.4484;0.000213523
413000;10.4506;5.5117e-07
414000;10.441;0.00091921
415000;10.4409;0.000926057
416000;10.4607;0.000967908
417000;10.431;0.00187276
418000;10.4429;0.000738731
419000;10.479;0.00271504
420000;10.4759;0.00241918
421000;10.4427;0.000754769
422000;10.4252;0.00242732
423000;10.4612;0.00101736
424000;10.4567;0.000581703
425000;10.4548;0.000400186
426000;10.4473;0.000312331
427000;10.443;0.000724161
428000;10.4462;0.000420667
429000;10.4738;0.00222311
430000;10.4947;0.00422399
431000;10.4598;0.000881332
432000;10.4355;0.00143869
433000;10.4394;0.0010694
434000;10.4467;0.000371276
435000;10.4448;0.00055446
436000;10.4576;0.000671067
437000;10.4357;0.00142429
438000;10.4353;0.00146
439000;10.4037;0.0044846
440000;10.4356;0.0014357
441000;10.4515;8.96457e-05
442000;10.4377;0.00122944
443000;10.4338;0.00160494
444000;10.4727;0.00211697
445000;10.4391;0.00109595
446000;10.4826;0.00306736
447000;10.4589;0.000795793
448000;10.4503;2.83737e-05
449000;10.4463;0.00040979
450000;10.477;0.0025279
451000;10.4493;0.000118282
452000;10.4377;0.00123053
453000;10.4555;0.00046831
454000;10.4391;0.00109785
455000;10.4687;0.00173734
456000;10.4719;0.00204348
457000;10.429;0.00206223
458000;10.4619;0.00108457
459000;10.4539;0.000312793
460000;10.4702;0.00187694
461000;10.4442;0.000614499
462000;10.4517;0.000109233
463000;10.4527;0.000199534
464000;10.4806;0.00287586
465000;10.4419;0.000833609
466000;10.4525;0.000181234
467000;10.4443;0.000597168
468000;10.4404;0.000970465
469000;10.4491;0.000145294
470000;10.4523;0.000167119
471000;10.4579;0.000704632
472000;10.4571;0.000619984
473000;10.4604;0.000939215
474000;10.4348;0.00150822
475000;10.4576;0.000667703
476000;10.426;0.00235248
477000;10.4428;0.00074676
478000;10.4311;0.00186055
479000;10.4534;0.000265486
480000;10.4648;0.00135611
481000;10.4587;0.000775288
482000;10.4569;0.000602317
483000;10.4458;0.000455725
484000;10.4592;0.000825859
485000;10.428;0.00215725
486000;10.415;0.00340539
487000;10.474;0.00224177
488000;10.4475;0.000298428
489000;10.4484;0.000208334
490000;10.4319;0.00178834
491000;10.4628;0.00116958
492000;10.4708;0.00193715
493000;10.4654;0.00141554
494000;10.4469;0.000352634
495000;10.4415;0.00087177
496000;10.4744;0.00228277
497000;10.4441;0.000621735
498000;10.4344;0.001551
499000;10.4548;0.000401919
500000;10.4491;0.000143696
501000;10.4467;0.000373164
502000;10.4366;0.00134061
503000;10.4662;0.00149379
504000;10.4422;0.000804783
505000;10.4498;7.72235e-05
506000;10.4605;0.000950636
507000;10.435;0.00148989
508000;10.4376;0.00123989
509000;10.4419;0.000831871
510000;10.4532;0.000255018
511000;10.4403;0.000980675
512000;10.4708;0.00193149
513000;10.4322;0.00176377
514000;10.4742;0.0022564
515000;10.4398;0.00103384
516000;10.4383;0.00117694
517000;10.4642;0.00129906
518000;10.4565;0.000568674
519000;10.461;0.000991962
520000;10.4762;0.00245017
521000;10.4676;0.00163217
522000;10.4454;0.000495615
523000;10.4318;0.00179355
524000;10.4443;0.000601913
525000;10.4572;0.000632576
526000;10.4539;0.000320524
527000;10.4707;0.00192014
528000;10.4176;0.00315798
529000;10.4558;0.0004988
530000;10.4462;0.000421396
531000;10.453;0.000227031
532000;10.4434;0.000687922
533000;10.44;0.00100815
534000;10.4593;0.000837777
535000;10.4328;0.00170073
536000;10.4457;0.000468513
537000;10.4408;0.000937685
538000;10.4456;0.000472926
539000;10.4572;0.00063749
540000;10.4332;0.00166173
541000;10.4591;0.000812647
542000;10.4446;0.00056953
543000;10.4621;0.00110605
544000;10.429;0.00206298
545000;10.446;0.000438585
546000;10.4551;0.000427546
547000;10.4628;0.0011677
548000;10.4456;0.000477986
549000;10.4532;0.000250795
550000;10.432;0.00177976
551000;10.444;0.000633604
552000;10.4395;0.00106237
553000;10.4615;0.0010458
554000;10.4426;0.000767956
555000;10.4372;0.00128515
556000;10.4559;0.000507078
557000;10.4603;0.000928235
558000;10.4579;0.000702537
559000;10.446;0.000438899
560000;10.4304;0.00193339
561000;10.4751;0.00234633
562000;10.4725;0.00210007
563000;10.4378;0.00122329
564000;10.4532;0.000253405
565000;10.4466;0.000385547
566000;10.4358;0.00141339
567000;10.4656;0.00143951
568000;10.4597;0.000872656
569000;10.4508;1.96193e-05
570000;10.4691;0.00177024
571000;10.4537;0.000302828
572000;10.4448;0.000551916
573000;10.465;0.00137749
574000;10.4285;0.00211488
575000;10.4597;0.000871468
576000;10.433;0.00168067
577000;10.4541;0.000335448
578000;10.4663;0.00150391
579000;10.4459;0.000448398
580000;10.4645;0.00132745
581000;10.4492;0.000134368
582000;10.4392;0.00109165
583000;10.4288;0.00208698
584000;10.4523;0.000165138
585000;10.4393;0.0010813
586000;10.4348;0.00150828
587000;10.4742;0.002261
588000;10.4507;1.34512e-05
589000;10.4384;0.00116889
590000;10.4312;0.00185364
591000;10.4288;0.00208028
592000;10.4584;0.000750777
593000;10.4654;0.00141745
594000;10.4644;0.00132173
595000;10.4214;0.00278846
596000;10.4557;0.000490022
597000;10.4411;0.000906092
598000;10.4549;0.000416577
599000;10.4658;0.00145695
600000;10.4261;0.00233805
601000;10.4578;0.000691746
602000;10.4572;0.00062955
603000;10.4502;3.66121e-05
604000;10.4297;0.00199544
605000;10.4609;0.000987962
606000;10.4568;0.000596169
607000;10.4436;0.000667218
608000;10.4688;0.00174071
609000;10.4357;0.00141949
610000;10.4453;0.000508316
611000;10.4576;0.000672327
612000;10.4579;0.000696433
613000;10.4331;0.00166977
614000;10.4586;0.000765068
615000;10.4643;0.001314
616000;10.4604;0.000942155
617000;10.4548;0.000402575
618000;10.4544;0.00036808
619000;10.4613;0.00102709
620000;10.4483;0.000217394
621000;10.4681;0.0016744
622000;10.4351;0.00148023
623000;10.4388;0.00112454
624000;10.4609;0.000990593
625000;10.4499;6.56017e-05
626000;10.455;0.000422872
627000;10.4482;0.000230387
628000;10.4542;0.000342245
629000;10.4275;0.0022074
630000;10.4539;0.000316175
631000;10.4423;0.00079402
632000;10.4466;0.00038361
633000;10.4344;0.00154431
634000;10.4635;0.0012349
635000;10.4484;0.000213381
636000;10.4543;0.00035343
637000;10.437;0.00129853
638000;10.4428;0.000741134
639000;10.4324;0.00174442
640000;10.4409;0.000930087
641000;10.4237;0.00257219
642000;10.4561;0.000527195
643000;10.4762;0.00244978
644000;10.4642;0.0012995
645000;10.4402;0.000989806
646000;10.4386;0.00114686
647000;10.4419;0.00083349
648000;10.4583;0.000734316
649000;10.4619;0.00108641
650000;10.4223;0.00270978
651000;10.4728;0.00212687
652000;10.4596;0.000864131
653000;10.4616;0.00105003
654000;10.4612;0.00101455
655000;10.4507;6.80927e-06
656000;10.4638;0.00126911
657000;10.4608;0.00097864
658000;10.4485;0.000199714
659000;10.4339;0.00159514
660000;10.4781;0.00263082
661000;10.457;0.000615004
662000;10.4574;0.000652307
663000;10.4517;0.000105583
664000;10.4549;0.000412663
665000;10.448;0.000243991
666000;10.4373;0.00126946
667000;10.4219;0.00274506
668000;10.4571;0.000624166
669000;10.4541;0.000339824
670000;10.4538;0.000305054
671000;10.4491;0.000142741
672000;10.4538;0.000308307
673000;10.4416;0.000859206
674000;10.441;0.000919054
675000;10.4602;0.000915623
676000;10.428;0.00216002
677000;10.45;5.93466e-05
678000;10.4359;0.00140068
679000;10.4233;0.00260819
680000;10.4451;0.000520619
681000;10.4735;0.00218994
682000;10.4513;6.56836e-05
683000;10.4472;0.000328214
684000;10.4568;0.000592445
685000;10.4352;0.00147033
686000;10.4453;0.000505456
687000;10.4439;0.000636703
688000;10.442;0.000822203
689000;10.4431;0.000711878
690000;10.4477;0.000274423
691000;10.441;0.000917997
692000;10.4757;0.00240163
693000;10.4545;0.000374112
694000;10.4347;0.00151728
695000;10.4588;0.000786836
696000;10.452;0.00013252
697000;10.4635;0.00123753
698000;10.4552;0.000437796
699000;10.4311;0.00186179
700000;10.451;3.99961e-05
701000;10.4828;0.00308739
702000;10.4557;0.000489241
703000;10.4583;0.000740224
704000;10.4348;0.00151008
705000;10.4649;0.00136663
706000;10.4486;0.000187297
707000;10.4613;0.00102102
708000;10.4416;0.000856236
709000;10.4448;0.000558002
710000;10.4353;0.00146101
711000;10.4463;0.0004105
712000;10.4597;0.000869302
713000;10.4504;2.15387e-05
714000;10.4366;0.00134074
715000;10.4794;0.00275659
716000;10.4702;0.00187635
717000;10.451;4.37934e-05
718000;10.4373;0.00127471
719000;10.4637;0.00125594
720000;10.4717;0.00201892
721000;10.4385;0.00115193
722000;10.4801;0.00282639
723000;10.4572;0.000637766
724000;10.4548;0.000405239
725000;10.4248;0.00247033
726000;10.4582;0.000729862
727000;10.4496;9.77872e-05
728000;10.4366;0.00133717
729000;10.4332;0.00166455
730000;10.4539;0.000319165
731000;10.4382;0.00118324
732000;10.4779;0.00261155
733000;10.4363;0.00136801
734000;10.4722;0.00206476
735000;10.4401;0.00100562
736000;10.4361;0.00138903
737000;10.4536;0.000284653
738000;10.4582;0.000728087
739000;10.4601;0.000914416
740000;10.4427;0.00074973
741000;10.4719;0.00204289
742000;10.4595;0.000851891
743000;10.4839;0.00318993
744000;10.4528;0.000214677
745000;10.4583;0.000737988
746000;10.4463;0.000413734
747000;10.4601;0.000914843
748000;10.4509;3.41355e-05
749000;10.469;0.00176606
750000;10.4612;0.00101665
751000;10.4311;0.00186445
752000;10.4635;0.00124061
753000;10.444;0.000630369
754000;10.4325;0.00172663
755000;10.4424;0.000786103
756000;10.4587;0.00077928
757000;10.4595;0.000851216
758000;10.4717;0.00202068
759000;10.4514;7.39172e-05
760000;10.4695;0.00181154
761000;10.4672;0.00158735
762000;10.4303;0.00193979
763000;10.4298;0.00199165
764000;10.4426;0.000759908
765000;10.4452;0.000519265
766000;10.445;0.000533688
767000;10.4541;0.00033345
768000;10.4507;8.06755e-06
769000;10.4315;0.00183011
770000;10.4429;0.000734444
771000;10.4506;9.42053e-07
772000;10.4503;2.60133e-05
773000;10.4571;0.000625322
774000;10.4533;0.00026375
775000;10.4739;0.00223584
776000;10.4345;0.0015352
777000;10.4425;0.000771946
778000;10.4342;0.0015683
779000;10.431;0.00187799
780000;10.4355;0.00144224
781000;10.4582;0.000728692
782000;10.4575;0.00065977
783000;10.448;0.000248368
784000;10.4538;0.000309601
785000;10.4476;0.000283785
786000;10.4452;0.000517282
787000;10.4458;0.000456663
788000;10.4361;0.00138705
789000;10.4486;0.000190817
790000;10.4513;6.4426e-05
791000;10.4541;0.000340411
792000;10.4501;4.27346e-05
793000;10.452;0.000136156
794000;10.4404;0.000972325
795000;10.4553;0.000447747
796000;10.4554;0.000458029
797000;10.4534;0.000272457
798000;10.465;0.0013792
799000;10.4564;0.000551826
800000;10.4462;0.000424154
801000;10.4464;0.000403908
802000;10.454;0.000330828
803000;10.4421;0.000808385
804000;10.4544;0.000367922
805000;10.442;0.000823148
806000;10.4249;0.00246225
807000;10.4437;0.000663453
808000;10.4528;0.00021552
809000;10.4608;0.000973187
810000;10.4685;0.00171778
811000;10.4422;0.000802608
812000;10.4527;0.000200403
813000;10.4681;0.00167815
814000;10.464;0.00128421
815000;10.4558;0.000502512
816000;10.4648;0.00135684
817000;10.447;0.000343182
818000;10.4718;0.0020266
819000;10.4557;0.00048939
820000;10.4483;0.00021628
821000;10.4606;0.000960102
822000;10.4559;0.000507587
823000;10.4518;0.000120329
824000;10.4245;0.00249663
825000;10.4352;0.00146942
826000;10.4355;0.00144244
827000;10.4595;0.000852824
828000;10.4546;0.00038612
829000;10.4519;0.000124245
830000;10.4557;0.000488845
831000;10.4581;0.000721825
832000;10.4299;0.00197608
833000;10.4567;0.000582647
834000;10.4373;0.00127052
835000;10.4564;0.000554365
836000;10.4638;0.00126472
837000;10.4402;0.000998323
838000;10.465;0.00138201
839000;10.4286;0.00210707
840000;10.451;4.27426e-05
841000;10.4315;0.00182489
842000;10.4523;0.000159961
843000;10.4547;0.000394762
844000;10.4682;0.00168192
845000;10.4486;0.000188066
846000;10.4572;0.000636946
847000;10.4438;0.000648591
848000;10.4474;0.000308953
849000;10.4211;0.0028247
850000;10.4436;0.000672267
851000;10.4418;0.000838209
852000;10.4419;0.000830073
853000;10.4523;0.000161141
854000;10.44;0.00101682
855000;10.4541;0.000335515
856000;10.4499;6.88974e-05
857000;10.443;0.000726825
858000;10.4568;0.000598879
859000;10.4673;0.00160031
860000;10.4535;0.000277509
861000;10.4368;0.00131597
862000;10.4524;0.00017314
863000;10.4633;0.00121627
864000;10.4507;8.44329e-06
865000;10.4436;0.000670572
866000;10.4638;0.00126586
867000;10.4301;0.00195794
868000;10.458;0.000713764
869000;10.4371;0.00128653
870000;10.4593;0.000837969
871000;10.4374;0.00125922
872000;10.4509;2.92969e-05
873000;10.4595;0.000854704
874000;10.4468;0.000359286
875000;10.4528;0.000215936
876000;10.4677;0.00163588
877000;10.4352;0.00146733
878000;10.455;0.000417911
879000;10.4497;8.82266e-05
880000;10.4374;0.00125815
881000;10.4598;0.000879846
882000;10.4587;0.000773729
883000;10.4484;0.000210262
884000;10.4395;0.0010572
885000;10.4369;0.00130485
886000;10.46;0.000904227
887000;10.4503;3.00773e-05
888000;10.4413;0.000887247
889000;10.4378;0.00122059
890000;10.4479;0.000254026
891000;10.4519;0.000121639
892000;10.4542;0.000348245
893000;10.4643;0.00130952
894000;10.4415;0.000868463
895000;10.4496;9.38098e-05
896000;10.4656;0.00143635
897000;10.4542;0.000341758
898000;10.4694;0.00180312
899000;10.4552;0.000442693
900000;10.4552;0.00044178
901000;10.4338;0.00160778
902000;10.4494;0.000112418
903000;10.4652;0.00140005
904000;10.4577;0.000678501
905000;10.4475;0.000296191
906000;10.4606;0.00095549
907000;10.459;0.000804622
908000;10.4577;0.000679695
909000;10.4389;0.00111524
910000;10.4646;0.00134567
911000;10.4485;0.000198591
912000;10.4387;0.00113617
913000;10.4515;8.46716e-05
914000;10.4313;0.00184693
915000;10.4316;0.00181646
916000;10.4431;0.000715534
917000;10.4642;0.00130116
918000;10.4451;0.000526154
919000;10.4674;0.00160938
920000;10.4357;0.00142646
921000;10.4558;0.000503241
922000;10.4615;0.0010407
923000;10.4577;0.000680086
924000;10.457;0.000611112
925000;10.4531;0.000240217
926000;10.4448;0.000557488
927000;10.4466;0.000378084
928000;10.452;0.000138731
929000;10.4482;0.00023084
930000;10.4301;0.00195927
931000;10.4708;0.00193609
932000;10.4511;5.31696e-05
933000;10.4405;0.000966189
934000;10.4472;0.000328242
935000;10.4656;0.00143857
936000;10.4489;0.000160399
937000;10.4621;0.00110523
938000;10.462;0.00109012
939000;10.4415;0.00086875
940000;10.4582;0.00072567
941000;10.4613;0.00102392
942000;10.4638;0.00126498
943000;10.447;0.000339904
944000;10.4473;0.000311109
945000;10.4523;0.000159848
946000;10.4596;0.000866497
947000;10.4458;0.000459035
948000;10.4627;0.00116195
949000;10.4469;0.000352349
950000;10.4594;0.000844737
951000;10.4491;0.000143391
952000;10.4516;9.7744e-05
953000;10.4573;0.000645157
954000;10.4486;0.000185051
955000;10.452;0.000131667
956000;10.4527;0.000205564
957000;10.4676;0.00162801
958000;10.4489;0.000162251
959000;10.4502;4.10343e-05
960000;10.4579;0.000698293
961000;10.4421;0.000812634
962000;10.4417;0.00084537
963000;10.4197;0.00295248
964000;10.4556;0.00048089
965000;10.4335;0.00163227
966000;10.4584;0.000746012
967000;10.4417;0.000847669
968000;10.4535;0.000282729
969000;10.4483;0.000219283
970000;10.4459;0.000450384
971000;10.444;0.000628103
972000;10.4481;0.000241001
973000;10.4342;0.00156865
974000;10.4631;0.00119803
975000;10.4573;0.00064651
976000;10.4525;0.000186402
977000;10.4546;0.000380774
978000;10.4519;0.000126609
979000;10.4431;0.000711525
980000;10.4534;0.000272687
981000;10.455;0.000420722
982000;10.4501;4.94256e-05
983000;10.4544;0.000362736
984000;10.4463;0.000410337
985000;10.4656;0.00143732
986000;10.4634;0.00122375
987000;10.4507;1.45772e-05
988000;10.4769;0.00251973
989000;10.4536;0.000287563
990000;10.443;0.000726329
991000;10.4558;0.000498628
992000;10.4492;0.00012831
993000;10.4599;0.000892023
994000;10.4687;0.00173652
995000;10.4479;0.00026142
996000;10.4402;0.000995053
997000;10.4706;0.00191624
998000;10.4726;0.00211054
999000;10.444;0.000627987
1000000;10.4638;0.00126317
