nSimulations;Delta_Antithetic;Delta_BS;Relative_Error
1000;0.638089;0.636831;0.0019757
2000;0.63803;0.636831;0.00188367
3000;0.63734;0.636831;0.000800072
4000;0.640504;0.636831;0.00576803
5000;0.642972;0.636831;0.00964402
6000;0.635551;0.636831;0.00200948
7000;0.635047;0.636831;0.00280064
8000;0.63362;0.636831;0.00504189
9000;0.636144;0.636831;0.00107888
10000;0.633863;0.636831;0.00466073
11000;0.635659;0.636831;0.00184057
12000;0.636471;0.636831;0.000565066
13000;0.634066;0.636831;0.00434089
14000;0.637608;0.636831;0.00122109
15000;0.639429;0.636831;0.00408009
16000;0.637695;0.636831;0.00135701
17000;0.637807;0.636831;0.00153368
18000;0.636223;0.636831;0.000954221
19000;0.637335;0.636831;0.000792103
20000;0.638442;0.636831;0.00253067
21000;0.636494;0.636831;0.000527981
22000;0.637541;0.636831;0.00111527
23000;0.634281;0.636831;0.00400338
24000;0.636746;0.636831;0.00013353
25000;0.636781;0.636831;7.75957e-05
26000;0.63785;0.636831;0.00160071
27000;0.636869;0.636831;6.01698e-05
28000;0.636065;0.636831;0.00120276
29000;0.635935;0.636831;0.0014072
30000;0.635367;0.636831;0.00229798
31000;0.636928;0.636831;0.000152896
32000;0.636632;0.636831;0.000311824
33000;0.636089;0.636831;0.00116397
34000;0.636326;0.636831;0.000793057
35000;0.636567;0.636831;0.000414258
36000;0.636769;0.636831;9.70661e-05
37000;0.634573;0.636831;0.00354506
38000;0.636901;0.636831;0.000110006
39000;0.636868;0.636831;5.8518e-05
40000;0.638122;0.636831;0.00202765
41000;0.636314;0.636831;0.000811874
42000;0.637045;0.636831;0.000335941
43000;0.635832;0.636831;0.00156884
44000;0.637551;0.636831;0.00113112
45000;0.638111;0.636831;0.00201002
46000;0.635369;0.636831;0.00229546
47000;0.636711;0.636831;0.000188218
48000;0.636738;0.636831;0.000146004
49000;0.635853;0.636831;0.00153506
50000;0.636071;0.636831;0.00119256
51000;0.63641;0.636831;0.000661075
52000;0.635319;0.636831;0.00237293
53000;0.636882;0.636831;8.00061e-05
54000;0.637008;0.636831;0.000279086
55000;0.635636;0.636831;0.00187619
56000;0.636725;0.636831;0.000166212
57000;0.638329;0.636831;0.00235256
58000;0.636323;0.636831;0.000796838
59000;0.636186;0.636831;0.00101179
60000;0.636745;0.636831;0.000135095
61000;0.636264;0.636831;0.000889513
62000;0.637269;0.636831;0.000689094
63000;0.636703;0.636831;0.000200092
64000;0.636458;0.636831;0.000584819
65000;0.636074;0.636831;0.00118817
66000;0.636407;0.636831;0.000665958
67000;0.638293;0.636831;0.00229578
68000;0.636455;0.636831;0.000589153
69000;0.636779;0.636831;8.13563e-05
70000;0.636536;0.636831;0.000463254
71000;0.635986;0.636831;0.00132645
72000;0.635883;0.636831;0.00148768
73000;0.636647;0.636831;0.00028829
74000;0.634824;0.636831;0.00315064
75000;0.637225;0.636831;0.000619411
76000;0.635012;0.636831;0.00285505
77000;0.636797;0.636831;5.2382e-05
78000;0.636654;0.636831;0.000277356
79000;0.637063;0.636831;0.0003643
80000;0.636445;0.636831;0.000605537
81000;0.636576;0.636831;0.000400265
82000;0.637386;0.636831;0.000872808
83000;0.636085;0.636831;0.00117091
84000;0.636933;0.636831;0.000160428
85000;0.636861;0.636831;4.84107e-05
86000;0.636864;0.636831;5.19804e-05
87000;0.636406;0.636831;0.000666206
88000;0.635764;0.636831;0.00167569
89000;0.636465;0.636831;0.000574669
90000;0.637615;0.636831;0.00123239
91000;0.636918;0.636831;0.000137097
92000;0.636754;0.636831;0.000120419
93000;0.63717;0.636831;0.000533438
94000;0.637215;0.636831;0.000603851
95000;0.636368;0.636831;0.000726121
96000;0.637854;0.636831;0.00160644
97000;0.636837;0.636831;9.23033e-06
98000;0.636942;0.636831;0.000174773
99000;0.63591;0.636831;0.00144594
100000;0.63727;0.636831;0.000689801
101000;0.637311;0.636831;0.000754067
102000;0.636458;0.636831;0.000585734
103000;0.636471;0.636831;0.000564719
104000;0.636026;0.636831;0.00126345
105000;0.63589;0.636831;0.00147762
106000;0.637081;0.636831;0.000393188
107000;0.637282;0.636831;0.000708523
108000;0.636651;0.636831;0.000282697
109000;0.636878;0.636831;7.50144e-05
110000;0.636953;0.636831;0.000191696
111000;0.637101;0.636831;0.000425203
112000;0.637437;0.636831;0.000952008
113000;0.637183;0.636831;0.000553205
114000;0.637246;0.636831;0.000651797
115000;0.63701;0.636831;0.000281442
116000;0.635037;0.636831;0.00281682
117000;0.63649;0.636831;0.000534821
118000;0.636923;0.636831;0.00014536
119000;0.63639;0.636831;0.000691636
120000;0.636341;0.636831;0.000769359
121000;0.637217;0.636831;0.00060628
122000;0.636434;0.636831;0.000623097
123000;0.636724;0.636831;0.000167008
124000;0.636344;0.636831;0.000764423
125000;0.635868;0.636831;0.00151171
126000;0.637368;0.636831;0.000843403
127000;0.637112;0.636831;0.000442232
128000;0.636733;0.636831;0.000153493
129000;0.635877;0.636831;0.00149784
130000;0.637308;0.636831;0.000749062
131000;0.636664;0.636831;0.000261098
132000;0.636006;0.636831;0.00129471
133000;0.636351;0.636831;0.000753894
134000;0.637401;0.636831;0.000895069
135000;0.636669;0.636831;0.000254059
136000;0.637069;0.636831;0.00037415
137000;0.637046;0.636831;0.000338186
138000;0.637108;0.636831;0.000435499
139000;0.636836;0.636831;8.62579e-06
140000;0.636856;0.636831;3.9932e-05
141000;0.637451;0.636831;0.000973581
142000;0.636803;0.636831;4.33646e-05
143000;0.637022;0.636831;0.000301108
144000;0.637638;0.636831;0.00126737
145000;0.636776;0.636831;8.63545e-05
146000;0.636736;0.636831;0.000149226
147000;0.637185;0.636831;0.000556006
148000;0.636654;0.636831;0.000278006
149000;0.636757;0.636831;0.00011495
150000;0.636764;0.636831;0.000104076
151000;0.637372;0.636831;0.000850816
152000;0.636816;0.636831;2.23467e-05
153000;0.63639;0.636831;0.000691365
154000;0.636183;0.636831;0.00101626
155000;0.636962;0.636831;0.000206562
156000;0.636555;0.636831;0.00043331
157000;0.636943;0.636831;0.000176014
158000;0.636048;0.636831;0.0012288
159000;0.636923;0.636831;0.00014475
160000;0.636086;0.636831;0.00116962
161000;0.636376;0.636831;0.000714054
162000;0.636797;0.636831;5.27849e-05
163000;0.637404;0.636831;0.000899743
164000;0.63688;0.636831;7.77093e-05
165000;0.636195;0.636831;0.000998517
166000;0.636687;0.636831;0.000225135
167000;0.637177;0.636831;0.000544491
168000;0.636723;0.636831;0.000169275
169000;0.636735;0.636831;0.000149938
170000;0.636476;0.636831;0.000556777
171000;0.637127;0.636831;0.000465135
172000;0.636339;0.636831;0.000771827
173000;0.637238;0.636831;0.000640393
174000;0.63656;0.636831;0.000425763
175000;0.636317;0.636831;0.000807179
176000;0.636315;0.636831;0.000810138
177000;0.636748;0.636831;0.000130407
178000;0.637186;0.636831;0.000558576
179000;0.637187;0.636831;0.00056005
180000;0.636794;0.636831;5.78864e-05
181000;0.63605;0.636831;0.00122583
182000;0.636419;0.636831;0.000646491
183000;0.636879;0.636831;7.59312e-05
184000;0.636918;0.636831;0.000137633
185000;0.636472;0.636831;0.000562562
186000;0.636646;0.636831;0.000289197
187000;0.636793;0.636831;5.91194e-05
188000;0.637601;0.636831;0.00120922
189000;0.637532;0.636831;0.0011013
190000;0.637454;0.636831;0.000978837
191000;0.636725;0.636831;0.000165393
192000;0.63625;0.636831;0.000912162
193000;0.637458;0.636831;0.000985286
194000;0.636671;0.636831;0.000250974
195000;0.637838;0.636831;0.00158112
196000;0.637084;0.636831;0.000397937
197000;0.63665;0.636831;0.00028373
198000;0.637439;0.636831;0.000954787
199000;0.637276;0.636831;0.000699448
200000;0.637239;0.636831;0.000641302
201000;0.6367;0.636831;0.000205309
202000;0.636894;0.636831;9.9965e-05
203000;0.637196;0.636831;0.000573628
204000;0.63651;0.636831;0.00050275
205000;0.636037;0.636831;0.00124548
206000;0.63603;0.636831;0.00125707
207000;0.636655;0.636831;0.000275291
208000;0.637437;0.636831;0.000952468
209000;0.637181;0.636831;0.00055067
210000;0.6366;0.636831;0.000361793
211000;0.637488;0.636831;0.001032
212000;0.63664;0.636831;0.000299811
213000;0.63726;0.636831;0.000673536
214000;0.636507;0.636831;0.000508766
215000;0.636745;0.636831;0.000134334
216000;0.636688;0.636831;0.000223464
217000;0.636573;0.636831;0.000404996
218000;0.637014;0.636831;0.000288531
219000;0.63646;0.636831;0.000581274
220000;0.637213;0.636831;0.000600653
221000;0.636549;0.636831;0.000442817
222000;0.636637;0.636831;0.000303732
223000;0.63686;0.636831;4.53807e-05
224000;0.636463;0.636831;0.000576921
225000;0.637029;0.636831;0.000311936
226000;0.63638;0.636831;0.000708184
227000;0.636618;0.636831;0.000333557
228000;0.637012;0.636831;0.000284264
229000;0.636423;0.636831;0.000640639
230000;0.636355;0.636831;0.000747226
231000;0.636202;0.636831;0.00098646
232000;0.636546;0.636831;0.000447297
233000;0.637221;0.636831;0.000613194
234000;0.637312;0.636831;0.000755738
235000;0.636348;0.636831;0.000757989
236000;0.637191;0.636831;0.000565219
237000;0.636929;0.636831;0.000154606
238000;0.636238;0.636831;0.000929855
239000;0.636346;0.636831;0.000761802
240000;0.636734;0.636831;0.000152421
241000;0.636395;0.636831;0.000684189
242000;0.635956;0.636831;0.00137419
243000;0.636874;0.636831;6.78894e-05
244000;0.636391;0.636831;0.000690731
245000;0.637336;0.636831;0.00079384
246000;0.637213;0.636831;0.000599917
247000;0.636698;0.636831;0.000208892
248000;0.636847;0.636831;2.62207e-05
249000;0.63635;0.636831;0.000754691
250000;0.636995;0.636831;0.00025819
251000;0.636613;0.636831;0.000342408
252000;0.637067;0.636831;0.000371331
253000;0.636787;0.636831;6.91471e-05
254000;0.637393;0.636831;0.000882888
255000;0.636811;0.636831;3.15656e-05
256000;0.636739;0.636831;0.000143426
257000;0.636714;0.636831;0.000183021
258000;0.637161;0.636831;0.000518605
259000;0.636804;0.636831;4.23258e-05
260000;0.636359;0.636831;0.000740362
261000;0.636892;0.636831;9.57507e-05
262000;0.636844;0.636831;2.15937e-05
263000;0.636671;0.636831;0.00025135
264000;0.636786;0.636831;7.08405e-05
265000;0.636483;0.636831;0.000545933
266000;0.636813;0.636831;2.79146e-05
267000;0.637107;0.636831;0.000434076
268000;0.637395;0.636831;0.000886606
269000;0.636244;0.636831;0.000920455
270000;0.636504;0.636831;0.000513184
271000;0.636642;0.636831;0.000295935
272000;0.636636;0.636831;0.00030524
273000;0.636608;0.636831;0.000349296
274000;0.636711;0.636831;0.000187763
275000;0.636671;0.636831;0.000250029
276000;0.636482;0.636831;0.000547796
277000;0.636507;0.636831;0.000508303
278000;0.636874;0.636831;6.75002e-05
279000;0.637106;0.636831;0.000432074
280000;0.636721;0.636831;0.000171906
281000;0.637001;0.636831;0.000267975
282000;0.636339;0.636831;0.000771866
283000;0.636982;0.636831;0.000237616
284000;0.637122;0.636831;0.000458004
285000;0.63747;0.636831;0.00100449
286000;0.636757;0.636831;0.000115381
287000;0.636482;0.636831;0.000547517
288000;0.637247;0.636831;0.000654201
289000;0.637121;0.636831;0.00045551
290000;0.63631;0.636831;0.000817759
291000;0.636784;0.636831;7.32045e-05
292000;0.636803;0.636831;4.27444e-05
293000;0.637163;0.636831;0.00052122
294000;0.637096;0.636831;0.000415928
295000;0.636449;0.636831;0.000599479
296000;0.636566;0.636831;0.00041549
297000;0.636831;0.636831;5.18504e-07
298000;0.636892;0.636831;9.68169e-05
299000;0.636167;0.636831;0.00104252
300000;0.636593;0.636831;0.000373897
301000;0.636875;0.636831;6.98001e-05
302000;0.636295;0.636831;0.000841259
303000;0.636896;0.636831;0.000102446
304000;0.636668;0.636831;0.000254824
305000;0.636329;0.636831;0.000788212
306000;0.636374;0.636831;0.000717754
307000;0.637335;0.636831;0.000791337
308000;0.637066;0.636831;0.000369257
309000;0.636181;0.636831;0.0010207
310000;0.635702;0.636831;0.00177224
311000;0.636654;0.636831;0.000278153
312000;0.636773;0.636831;8.99036e-05
313000;0.636725;0.636831;0.000165372
314000;0.637114;0.636831;0.000445541
315000;0.636559;0.636831;0.000426873
316000;0.636882;0.636831;8.00043e-05
317000;0.636901;0.636831;0.000110848
318000;0.636611;0.636831;0.000345436
319000;0.636631;0.636831;0.000313178
320000;0.63679;0.636831;6.32907e-05
321000;0.636331;0.636831;0.000784208
322000;0.63673;0.636831;0.000157635
323000;0.637187;0.636831;0.000559099
324000;0.636182;0.636831;0.00101928
325000;0.637282;0.636831;0.000708079
326000;0.636414;0.636831;0.000654842
327000;0.636839;0.636831;1.35679e-05
328000;0.636222;0.636831;0.000955534
329000;0.636167;0.636831;0.00104272
330000;0.636273;0.636831;0.000876321
331000;0.636962;0.636831;0.000206247
332000;0.637049;0.636831;0.000343391
333000;0.63614;0.636831;0.00108462
334000;0.636545;0.636831;0.000449176
335000;0.637023;0.636831;0.000301931
336000;0.63599;0.636831;0.00132067
337000;0.636806;0.636831;3.85851e-05
338000;0.636336;0.636831;0.000776577
339000;0.636967;0.636831;0.00021354
340000;0.636897;0.636831;0.000104239
341000;0.636322;0.636831;0.000798179
342000;0.6372;0.636831;0.000580534
343000;0.636922;0.636831;0.000143204
344000;0.636898;0.636831;0.000105129
345000;0.636835;0.636831;6.24012e-06
346000;0.636634;0.636831;0.000309026
347000;0.636996;0.636831;0.000260292
348000;0.637034;0.636831;0.000319869
349000;0.637079;0.636831;0.00038975
350000;0.636419;0.636831;0.000645989
351000;0.636819;0.636831;1.78009e-05
352000;0.636619;0.636831;0.000332243
353000;0.636656;0.636831;0.000274817
354000;0.636711;0.636831;0.000187172
355000;0.636933;0.636831;0.000161141
356000;0.636879;0.636831;7.5593e-05
357000;0.637293;0.636831;0.000726171
358000;0.636953;0.636831;0.000192902
359000;0.637047;0.636831;0.00033928
360000;0.6366;0.636831;0.000361571
361000;0.636311;0.636831;0.00081588
362000;0.635959;0.636831;0.00136819
363000;0.636586;0.636831;0.000384135
364000;0.637068;0.636831;0.000372515
365000;0.636615;0.636831;0.000338274
366000;0.636959;0.636831;0.000201848
367000;0.636672;0.636831;0.000248939
368000;0.63676;0.636831;0.000111291
369000;0.636649;0.636831;0.000285898
370000;0.636277;0.636831;0.000868652
371000;0.636762;0.636831;0.00010775
372000;0.636715;0.636831;0.000181676
373000;0.636804;0.636831;4.16819e-05
374000;0.636825;0.636831;9.32777e-06
375000;0.636974;0.636831;0.000224634
376000;0.636759;0.636831;0.000112449
377000;0.636567;0.636831;0.000414737
378000;0.636864;0.636831;5.27699e-05
379000;0.636715;0.636831;0.000182292
380000;0.636487;0.636831;0.000539519
381000;0.63689;0.636831;9.26957e-05
382000;0.637262;0.636831;0.000678071
383000;0.636738;0.636831;0.000145523
384000;0.636689;0.636831;0.000222705
385000;0.636528;0.636831;0.000474696
386000;0.636622;0.636831;0.000328025
387000;0.636816;0.636831;2.23805e-05
388000;0.636755;0.636831;0.000118666
389000;0.63717;0.636831;0.000532229
390000;0.636243;0.636831;0.000922902
391000;0.636993;0.636831;0.000254606
392000;0.637245;0.636831;0.000651254
393000;0.637253;0.636831;0.000662732
394000;0.636674;0.636831;0.000246673
395000;0.636425;0.636831;0.000636921
396000;0.636623;0.636831;0.00032681
397000;0.636897;0.636831;0.000103406
398000;0.636492;0.636831;0.000532077
399000;0.636061;0.636831;0.00120853
400000;0.636758;0.636831;0.000113723
401000;0.636698;0.636831;0.000208557
402000;0.636744;0.636831;0.000136435
403000;0.63648;0.636831;0.000550282
404000;0.636246;0.636831;0.000917778
405000;0.637044;0.636831;0.000334682
406000;0.636452;0.636831;0.000594132
407000;0.635807;0.636831;0.00160792
408000;0.636333;0.636831;0.000781965
409000;0.63658;0.636831;0.000394016
410000;0.635917;0.636831;0.00143472
411000;0.637058;0.636831;0.000357036
412000;0.636663;0.636831;0.00026393
413000;0.636845;0.636831;2.20052e-05
414000;0.637022;0.636831;0.000300893
415000;0.636314;0.636831;0.000810937
416000;0.636991;0.636831;0.000251131
417000;0.636301;0.636831;0.000832436
418000;0.636431;0.636831;0.000627992
419000;0.636281;0.636831;0.000862563
420000;0.636792;0.636831;6.12906e-05
421000;0.636635;0.636831;0.000307453
422000;0.636782;0.636831;7.6072e-05
423000;0.636622;0.636831;0.000328104
424000;0.636581;0.636831;0.000392172
425000;0.637229;0.636831;0.000624991
426000;0.63709;0.636831;0.000407153
427000;0.636811;0.636831;3.13869e-05
428000;0.636391;0.636831;0.000690272
429000;0.637185;0.636831;0.000555753
430000;0.636325;0.636831;0.000793836
431000;0.636563;0.636831;0.000420961
432000;0.636669;0.636831;0.000253701
433000;0.63695;0.636831;0.000187236
434000;0.636449;0.636831;0.000598587
435000;0.636522;0.636831;0.000484668
436000;0.636184;0.636831;0.0010154
437000;0.63662;0.636831;0.000331084
438000;0.636897;0.636831;0.000104288
439000;0.636935;0.636831;0.000164119
440000;0.636237;0.636831;0.000931451
441000;0.637282;0.636831;0.000709395
442000;0.636667;0.636831;0.000257738
443000;0.636598;0.636831;0.000365081
444000;0.636824;0.636831;9.81117e-06
445000;0.63679;0.636831;6.39565e-05
446000;0.636854;0.636831;3.72498e-05
447000;0.636635;0.636831;0.000307767
448000;0.636601;0.636831;0.000360087
449000;0.636576;0.636831;0.000399375
450000;0.63706;0.636831;0.000360026
451000;0.636645;0.636831;0.000291784
452000;0.636541;0.636831;0.000455154
453000;0.636652;0.636831;0.000280551
454000;0.637179;0.636831;0.000547523
455000;0.636984;0.636831;0.000241331
456000;0.636953;0.636831;0.000192218
457000;0.636715;0.636831;0.000181213
458000;0.636722;0.636831;0.000170157
459000;0.636854;0.636831;3.60543e-05
460000;0.636737;0.636831;0.000147417
461000;0.636452;0.636831;0.000594033
462000;0.636785;0.636831;7.11099e-05
463000;0.636838;0.636831;1.18997e-05
464000;0.636979;0.636831;0.000233487
465000;0.636655;0.636831;0.000275556
466000;0.6366;0.636831;0.000361556
467000;0.636308;0.636831;0.00082112
468000;0.637283;0.636831;0.000710085
469000;0.636902;0.636831;0.000111383
470000;0.63627;0.636831;0.000879791
471000;0.636777;0.636831;8.36838e-05
472000;0.636866;0.636831;5.50349e-05
473000;0.637191;0.636831;0.000566155
474000;0.637017;0.636831;0.000292231
475000;0.63704;0.636831;0.000328284
476000;0.636752;0.636831;0.000124058
477000;0.636954;0.636831;0.000194364
478000;0.636397;0.636831;0.000680966
479000;0.636844;0.636831;2.13196e-05
480000;0.637516;0.636831;0.00107619
481000;0.636869;0.636831;5.99836e-05
482000;0.63655;0.636831;0.000439977
483000;0.636596;0.636831;0.00036848
484000;0.637005;0.636831;0.000274484
485000;0.636581;0.636831;0.000392289
486000;0.636559;0.636831;0.000426725
487000;0.637041;0.636831;0.000329681
488000;0.636935;0.636831;0.000164012
489000;0.636491;0.636831;0.000533378
490000;0.636885;0.636831;8.50874e-05
491000;0.636326;0.636831;0.000792171
492000;0.636636;0.636831;0.00030636
493000;0.636619;0.636831;0.000332614
494000;0.63692;0.636831;0.000140165
495000;0.636686;0.636831;0.000226733
496000;0.637407;0.636831;0.00090507
497000;0.636486;0.636831;0.000541619
498000;0.636129;0.636831;0.00110245
499000;0.636815;0.636831;2.49813e-05
500000;0.637201;0.636831;0.000582031
501000;0.636457;0.636831;0.000586406
502000;0.63656;0.636831;0.000425352
503000;0.63689;0.636831;9.35303e-05
504000;0.636773;0.636831;9.11213e-05
505000;0.636595;0.636831;0.000369997
506000;0.636628;0.636831;0.000318976
507000;0.636713;0.636831;0.000184284
508000;0.636565;0.636831;0.000416944
509000;0.636637;0.636831;0.000303732
510000;0.637048;0.636831;0.000341457
511000;0.636837;0.636831;9.4788e-06
512000;0.636671;0.636831;0.000250681
513000;0.636927;0.636831;0.000150959
514000;0.636798;0.636831;5.16545e-05
515000;0.636748;0.636831;0.000129117
516000;0.636548;0.636831;0.000444404
517000;0.636975;0.636831;0.000226582
518000;0.637112;0.636831;0.000442016
519000;0.637006;0.636831;0.000274816
520000;0.636342;0.636831;0.000767926
521000;0.636386;0.636831;0.000698528
522000;0.63693;0.636831;0.000155564
523000;0.636928;0.636831;0.000152357
524000;0.637281;0.636831;0.000707094
525000;0.636581;0.636831;0.000391483
526000;0.636842;0.636831;1.72398e-05
527000;0.63639;0.636831;0.000691465
528000;0.636481;0.636831;0.000549195
529000;0.636848;0.636831;2.71627e-05
530000;0.636634;0.636831;0.000309197
531000;0.63742;0.636831;0.000926054
532000;0.636715;0.636831;0.000181935
533000;0.63697;0.636831;0.000219381
534000;0.63654;0.636831;0.000457175
535000;0.636834;0.636831;5.02942e-06
536000;0.636754;0.636831;0.000121002
537000;0.63699;0.636831;0.00025017
538000;0.637028;0.636831;0.000310488
539000;0.637183;0.636831;0.00055374
540000;0.636771;0.636831;9.43627e-05
541000;0.63661;0.636831;0.000346442
542000;0.636868;0.636831;5.79668e-05
543000;0.636411;0.636831;0.000658732
544000;0.637045;0.636831;0.000337322
545000;0.637104;0.636831;0.000428931
546000;0.636597;0.636831;0.000366564
547000;0.636503;0.636831;0.000514544
548000;0.63644;0.636831;0.000614078
549000;0.636436;0.636831;0.000619569
550000;0.637155;0.636831;0.000508883
551000;0.637226;0.636831;0.000620211
552000;0.636344;0.636831;0.000764207
553000;0.636531;0.636831;0.000470855
554000;0.636956;0.636831;0.00019642
555000;0.636579;0.636831;0.000394642
556000;0.63661;0.636831;0.000346871
557000;0.636589;0.636831;0.000380109
558000;0.636934;0.636831;0.000162412
559000;0.636881;0.636831;7.93128e-05
560000;0.636454;0.636831;0.000591512
561000;0.636896;0.636831;0.000101832
562000;0.637091;0.636831;0.000408639
563000;0.636652;0.636831;0.000280295
564000;0.637265;0.636831;0.000682154
565000;0.636823;0.636831;1.1387e-05
566000;0.6367;0.636831;0.000204771
567000;0.636947;0.636831;0.000182398
568000;0.637402;0.636831;0.000896998
569000;0.636861;0.636831;4.80011e-05
570000;0.636724;0.636831;0.000168116
571000;0.6366;0.636831;0.00036253
572000;0.636455;0.636831;0.000589558
573000;0.637061;0.636831;0.000362396
574000;0.636803;0.636831;4.32026e-05
575000;0.636235;0.636831;0.00093581
576000;0.636942;0.636831;0.000174805
577000;0.6366;0.636831;0.000362332
578000;0.636546;0.636831;0.000447663
579000;0.636604;0.636831;0.000355593
580000;0.636355;0.636831;0.000746676
581000;0.636548;0.636831;0.000444364
582000;0.636969;0.636831;0.000217699
583000;0.636516;0.636831;0.00049462
584000;0.637012;0.636831;0.000284984
585000;0.63695;0.636831;0.000188103
586000;0.636537;0.636831;0.000461112
587000;0.636368;0.636831;0.000726994
588000;0.63687;0.636831;6.20046e-05
589000;0.636634;0.636831;0.000308508
590000;0.636364;0.636831;0.000732606
591000;0.63691;0.636831;0.00012457
592000;0.636726;0.636831;0.000164174
593000;0.63646;0.636831;0.000582747
594000;0.636574;0.636831;0.000402239
595000;0.636795;0.636831;5.6389e-05
596000;0.636672;0.636831;0.000248455
597000;0.637055;0.636831;0.000351764
598000;0.636585;0.636831;0.000385511
599000;0.636666;0.636831;0.00025897
600000;0.63663;0.636831;0.000315609
601000;0.636863;0.636831;5.03368e-05
602000;0.636506;0.636831;0.000510106
603000;0.636341;0.636831;0.00076955
604000;0.636779;0.636831;8.09152e-05
605000;0.636469;0.636831;0.000567994
606000;0.636937;0.636831;0.000166996
607000;0.636711;0.636831;0.000188187
608000;0.636951;0.636831;0.000189657
609000;0.636866;0.636831;5.47771e-05
610000;0.637061;0.636831;0.000361149
611000;0.637022;0.636831;0.000301112
612000;0.636612;0.636831;0.000343551
613000;0.636844;0.636831;2.14593e-05
614000;0.636852;0.636831;3.42615e-05
615000;0.636769;0.636831;9.65944e-05
616000;0.63655;0.636831;0.000440108
617000;0.636693;0.636831;0.000216057
618000;0.636961;0.636831;0.000204181
619000;0.636806;0.636831;3.87997e-05
620000;0.636775;0.636831;8.81214e-05
621000;0.636753;0.636831;0.000122578
622000;0.636636;0.636831;0.000306217
623000;0.63664;0.636831;0.000298818
624000;0.636771;0.636831;9.3651e-05
625000;0.636828;0.636831;4.49642e-06
626000;0.636649;0.636831;0.000285115
627000;0.636724;0.636831;0.000168028
628000;0.636745;0.636831;0.000135261
629000;0.636681;0.636831;0.000235646
630000;0.637072;0.636831;0.000378453
631000;0.636352;0.636831;0.00075235
632000;0.636693;0.636831;0.000215717
633000;0.637121;0.636831;0.000456059
634000;0.636455;0.636831;0.000590432
635000;0.636757;0.636831;0.000114885
636000;0.636665;0.636831;0.000260371
637000;0.636984;0.636831;0.000241072
638000;0.636662;0.636831;0.000264341
639000;0.636892;0.636831;9.59823e-05
640000;0.636738;0.636831;0.000145036
641000;0.636954;0.636831;0.000193007
642000;0.637108;0.636831;0.000434739
643000;0.636317;0.636831;0.000806986
644000;0.636847;0.636831;2.62398e-05
645000;0.636845;0.636831;2.25929e-05
646000;0.636744;0.636831;0.000136438
647000;0.637035;0.636831;0.000321448
648000;0.636403;0.636831;0.000671689
649000;0.636929;0.636831;0.000154547
650000;0.636945;0.636831;0.000178884
651000;0.636787;0.636831;6.84485e-05
652000;0.636713;0.636831;0.000184908
653000;0.637046;0.636831;0.000338295
654000;0.636855;0.636831;3.86012e-05
655000;0.637115;0.636831;0.000446886
656000;0.636494;0.636831;0.000529249
657000;0.636979;0.636831;0.000232833
658000;0.637002;0.636831;0.000269444
659000;0.636856;0.636831;4.00308e-05
660000;0.636815;0.636831;2.51208e-05
661000;0.63697;0.636831;0.000218545
662000;0.636545;0.636831;0.000449229
663000;0.636546;0.636831;0.000447207
664000;0.636566;0.636831;0.000415388
665000;0.636865;0.636831;5.37867e-05
666000;0.636625;0.636831;0.00032217
667000;0.636487;0.636831;0.000539936
668000;0.637397;0.636831;0.000888947
669000;0.636847;0.636831;2.49766e-05
670000;0.636859;0.636831;4.49061e-05
671000;0.636875;0.636831;7.00391e-05
672000;0.636561;0.636831;0.000422973
673000;0.636635;0.636831;0.000306631
674000;0.636696;0.636831;0.000211484
675000;0.637076;0.636831;0.000385583
676000;0.636245;0.636831;0.000919812
677000;0.637174;0.636831;0.000539381
678000;0.636671;0.636831;0.000251182
679000;0.636629;0.636831;0.000316681
680000;0.636829;0.636831;1.97923e-06
681000;0.636886;0.636831;8.69892e-05
682000;0.636651;0.636831;0.000281701
683000;0.636512;0.636831;0.000500246
684000;0.63661;0.636831;0.000345731
685000;0.637119;0.636831;0.000453031
686000;0.636728;0.636831;0.000161136
687000;0.636768;0.636831;9.84691e-05
688000;0.636601;0.636831;0.000360481
689000;0.637094;0.636831;0.000413765
690000;0.63681;0.636831;3.20054e-05
691000;0.636572;0.636831;0.000406195
692000;0.63649;0.636831;0.000535317
693000;0.636871;0.636831;6.33522e-05
694000;0.636184;0.636831;0.00101478
695000;0.636559;0.636831;0.000426068
696000;0.636496;0.636831;0.000526174
697000;0.636588;0.636831;0.000380663
698000;0.636644;0.636831;0.000292988
699000;0.636131;0.636831;0.00109895
700000;0.636474;0.636831;0.000560411
701000;0.636616;0.636831;0.000337225
702000;0.636855;0.636831;3.76957e-05
703000;0.636853;0.636831;3.55075e-05
704000;0.636997;0.636831;0.000260752
705000;0.636378;0.636831;0.00071076
706000;0.636577;0.636831;0.000397708
707000;0.636942;0.636831;0.000174661
708000;0.636898;0.636831;0.000105609
709000;0.636749;0.636831;0.00012855
710000;0.636652;0.636831;0.00028072
711000;0.63654;0.636831;0.000455926
712000;0.636638;0.636831;0.000302822
713000;0.636913;0.636831;0.000129787
714000;0.636608;0.636831;0.000350204
715000;0.6365;0.636831;0.00051949
716000;0.636717;0.636831;0.000179058
717000;0.636857;0.636831;4.08985e-05
718000;0.636619;0.636831;0.000332747
719000;0.637278;0.636831;0.00070313
720000;0.636501;0.636831;0.000517468
721000;0.636585;0.636831;0.000385739
722000;0.637081;0.636831;0.000392517
723000;0.636971;0.636831;0.000220103
724000;0.63679;0.636831;6.45985e-05
725000;0.63715;0.636831;0.000501325
726000;0.637151;0.636831;0.000503446
727000;0.636679;0.636831;0.000238044
728000;0.636555;0.636831;0.000432443
729000;0.636754;0.636831;0.000121003
730000;0.637068;0.636831;0.000373172
731000;0.637;0.636831;0.000265619
732000;0.636593;0.636831;0.000373244
733000;0.636153;0.636831;0.00106486
734000;0.636651;0.636831;0.000282165
735000;0.637065;0.636831;0.000367465
736000;0.636826;0.636831;7.7705e-06
737000;0.636701;0.636831;0.000203021
738000;0.636786;0.636831;6.96298e-05
739000;0.636507;0.636831;0.000508257
740000;0.636341;0.636831;0.000768194
741000;0.636646;0.636831;0.000289404
742000;0.636672;0.636831;0.000249389
743000;0.636584;0.636831;0.000387876
744000;0.636724;0.636831;0.000166974
745000;0.636623;0.636831;0.000325725
746000;0.636749;0.636831;0.000127946
747000;0.637017;0.636831;0.000292686
748000;0.636846;0.636831;2.38606e-05
749000;0.63685;0.636831;3.07074e-05
750000;0.636688;0.636831;0.00022394
751000;0.636553;0.636831;0.000436207
752000;0.636644;0.636831;0.000292633
753000;0.636484;0.636831;0.000544421
754000;0.636602;0.636831;0.000359052
755000;0.636597;0.636831;0.000366195
756000;0.636734;0.636831;0.000152526
757000;0.636925;0.636831;0.000148488
758000;0.636614;0.636831;0.00033946
759000;0.637267;0.636831;0.000685318
760000;0.636654;0.636831;0.000277077
761000;0.636866;0.636831;5.60345e-05
762000;0.636823;0.636831;1.27308e-05
763000;0.63642;0.636831;0.00064542
764000;0.63689;0.636831;9.25251e-05
765000;0.636827;0.636831;4.98448e-06
766000;0.636812;0.636831;2.92751e-05
767000;0.63698;0.636831;0.00023525
768000;0.636341;0.636831;0.000769182
769000;0.636838;0.636831;1.10093e-05
770000;0.636635;0.636831;0.000307169
771000;0.637018;0.636831;0.000293907
772000;0.636822;0.636831;1.29749e-05
773000;0.636753;0.636831;0.000122569
774000;0.636741;0.636831;0.000141176
775000;0.636825;0.636831;9.41221e-06
776000;0.636238;0.636831;0.000930321
777000;0.636599;0.636831;0.000363541
778000;0.636833;0.636831;3.40533e-06
779000;0.636632;0.636831;0.000312101
780000;0.636788;0.636831;6.66091e-05
781000;0.6366;0.636831;0.000362161
782000;0.636327;0.636831;0.000791241
783000;0.636152;0.636831;0.00106552
784000;0.636716;0.636831;0.000179354
785000;0.636924;0.636831;0.00014593
786000;0.636475;0.636831;0.000557896
787000;0.637035;0.636831;0.000320661
788000;0.636672;0.636831;0.000249501
789000;0.636697;0.636831;0.000210511
790000;0.636391;0.636831;0.000690902
791000;0.636569;0.636831;0.000410479
792000;0.63649;0.636831;0.000534996
793000;0.636606;0.636831;0.000352278
794000;0.636475;0.636831;0.000558821
795000;0.636824;0.636831;9.69751e-06
796000;0.636699;0.636831;0.000206101
797000;0.636509;0.636831;0.000504321
798000;0.636571;0.636831;0.000408254
799000;0.636586;0.636831;0.000383543
800000;0.636781;0.636831;7.75014e-05
801000;0.636689;0.636831;0.000223214
802000;0.636899;0.636831;0.000106757
803000;0.636669;0.636831;0.000254109
804000;0.636986;0.636831;0.000243921
805000;0.636628;0.636831;0.00031783
806000;0.636835;0.636831;6.33527e-06
807000;0.636653;0.636831;0.000278998
808000;0.636782;0.636831;7.6299e-05
809000;0.636975;0.636831;0.000227397
810000;0.636552;0.636831;0.000437948
811000;0.637067;0.636831;0.00037165
812000;0.63645;0.636831;0.000597099
813000;0.636701;0.636831;0.000203411
814000;0.636832;0.636831;2.86673e-06
815000;0.637103;0.636831;0.000428241
816000;0.636762;0.636831;0.000108357
817000;0.636753;0.636831;0.000121653
818000;0.637044;0.636831;0.000335562
819000;0.637079;0.636831;0.000389342
820000;0.636939;0.636831;0.000170258
821000;0.636572;0.636831;0.0004068
822000;0.63688;0.636831;7.81225e-05
823000;0.636981;0.636831;0.000236219
824000;0.637009;0.636831;0.000280441
825000;0.636793;0.636831;5.94314e-05
826000;0.636727;0.636831;0.000163508
827000;0.637107;0.636831;0.000434222
828000;0.637006;0.636831;0.000275675
829000;0.63664;0.636831;0.000299763
830000;0.636729;0.636831;0.0001593
831000;0.637086;0.636831;0.000401327
832000;0.636544;0.636831;0.000449915
833000;0.637105;0.636831;0.000431156
834000;0.63689;0.636831;9.24245e-05
835000;0.637016;0.636831;0.00029151
836000;0.636814;0.636831;2.64988e-05
837000;0.6366;0.636831;0.000362393
838000;0.636594;0.636831;0.000370865
839000;0.636534;0.636831;0.000466247
840000;0.636518;0.636831;0.0004911
841000;0.637106;0.636831;0.000431648
842000;0.636777;0.636831;8.35087e-05
843000;0.636738;0.636831;0.000146099
844000;0.636892;0.636831;9.68572e-05
845000;0.636876;0.636831;7.13e-05
846000;0.636788;0.636831;6.72852e-05
847000;0.636778;0.636831;8.21442e-05
848000;0.636889;0.636831;9.21892e-05
849000;0.636985;0.636831;0.000241585
850000;0.637181;0.636831;0.000550657
851000;0.636517;0.636831;0.000492964
852000;0.636837;0.636831;9.34331e-06
853000;0.636641;0.636831;0.000298024
854000;0.63646;0.636831;0.000581956
855000;0.636956;0.636831;0.000197539
856000;0.637527;0.636831;0.00109295
857000;0.636712;0.636831;0.000186193
858000;0.637012;0.636831;0.000284888
859000;0.636488;0.636831;0.000538798
860000;0.63661;0.636831;0.000346905
861000;0.636748;0.636831;0.000129421
862000;0.637256;0.636831;0.000668497
863000;0.63669;0.636831;0.000221066
864000;0.636926;0.636831;0.000150032
865000;0.636394;0.636831;0.000685011
866000;0.636449;0.636831;0.000599719
867000;0.636531;0.636831;0.000469757
868000;0.636818;0.636831;2.02641e-05
869000;0.636643;0.636831;0.000295299
870000;0.636807;0.636831;3.67834e-05
871000;0.636645;0.636831;0.000291908
872000;0.636952;0.636831;0.000189936
873000;0.636791;0.636831;6.21008e-05
874000;0.636587;0.636831;0.000382786
875000;0.636363;0.636831;0.00073358
876000;0.636709;0.636831;0.000191485
877000;0.636793;0.636831;5.83491e-05
878000;0.637057;0.636831;0.000356075
879000;0.636972;0.636831;0.000222459
880000;0.636969;0.636831;0.000217915
881000;0.636538;0.636831;0.00045876
882000;0.636596;0.636831;0.000369008
883000;0.636703;0.636831;0.000200338
884000;0.636756;0.636831;0.000117387
885000;0.636979;0.636831;0.000233389
886000;0.636702;0.636831;0.000201715
887000;0.636534;0.636831;0.000466073
888000;0.637038;0.636831;0.000326167
889000;0.636766;0.636831;0.00010175
890000;0.63684;0.636831;1.49813e-05
891000;0.63652;0.636831;0.000488191
892000;0.636748;0.636831;0.000129542
893000;0.636722;0.636831;0.000170679
894000;0.636514;0.636831;0.000497153
895000;0.636903;0.636831;0.000113493
896000;0.636819;0.636831;1.81891e-05
897000;0.636908;0.636831;0.00012158
898000;0.636704;0.636831;0.000198495
899000;0.636766;0.636831;0.000101024
900000;0.636783;0.636831;7.55249e-05
901000;0.636602;0.636831;0.00035903
902000;0.636675;0.636831;0.000244619
903000;0.637038;0.636831;0.000325491
904000;0.63667;0.636831;0.000252366
905000;0.636519;0.636831;0.00049016
906000;0.637102;0.636831;0.000425742
907000;0.636922;0.636831;0.000143117
908000;0.636823;0.636831;1.24291e-05
909000;0.637089;0.636831;0.000405186
910000;0.637041;0.636831;0.000330487
911000;0.63631;0.636831;0.000818037
912000;0.636771;0.636831;9.30645e-05
913000;0.637141;0.636831;0.000487594
914000;0.636621;0.636831;0.000329919
915000;0.636808;0.636831;3.60312e-05
916000;0.636806;0.636831;3.93639e-05
917000;0.636875;0.636831;6.94511e-05
918000;0.63698;0.636831;0.000234289
919000;0.636616;0.636831;0.000336795
920000;0.636954;0.636831;0.000193294
921000;0.636784;0.636831;7.24935e-05
922000;0.636722;0.636831;0.000171174
923000;0.636525;0.636831;0.000479809
924000;0.636564;0.636831;0.000418099
925000;0.636954;0.636831;0.000193354
926000;0.636799;0.636831;4.94689e-05
927000;0.636916;0.636831;0.000133369
928000;0.63647;0.636831;0.000566753
929000;0.636679;0.636831;0.000238806
930000;0.636809;0.636831;3.47779e-05
931000;0.63645;0.636831;0.000597593
932000;0.637244;0.636831;0.000648555
933000;0.636949;0.636831;0.000185261
934000;0.636532;0.636831;0.00046958
935000;0.636763;0.636831;0.00010688
936000;0.636575;0.636831;0.000401052
937000;0.636849;0.636831;2.90185e-05
938000;0.636846;0.636831;2.34974e-05
939000;0.637031;0.636831;0.000315325
940000;0.636494;0.636831;0.000528429
941000;0.63649;0.636831;0.000535428
942000;0.636619;0.636831;0.000331869
943000;0.637199;0.636831;0.000578309
944000;0.636598;0.636831;0.000365703
945000;0.636671;0.636831;0.00025136
946000;0.636993;0.636831;0.00025513
947000;0.636549;0.636831;0.000442383
948000;0.636999;0.636831;0.000263965
949000;0.636677;0.636831;0.00024097
950000;0.636831;0.636831;1.24647e-06
951000;0.636786;0.636831;6.98182e-05
952000;0.63637;0.636831;0.000723221
953000;0.636371;0.636831;0.000721636
954000;0.636877;0.636831;7.23086e-05
955000;0.636547;0.636831;0.000444857
956000;0.636993;0.636831;0.000255573
957000;0.637167;0.636831;0.000527925
958000;0.636628;0.636831;0.000318059
959000;0.637031;0.636831;0.000314214
960000;0.636722;0.636831;0.000171179
961000;0.63665;0.636831;0.00028416
962000;0.636812;0.636831;2.93177e-05
963000;0.636988;0.636831;0.000246958
964000;0.636825;0.636831;8.54598e-06
965000;0.636725;0.636831;0.000165736
966000;0.637173;0.636831;0.000537849
967000;0.636468;0.636831;0.000568987
968000;0.636555;0.636831;0.000433446
969000;0.637284;0.636831;0.000711128
970000;0.636614;0.636831;0.00034002
971000;0.636714;0.636831;0.000182478
972000;0.63644;0.636831;0.000613358
973000;0.636561;0.636831;0.000423593
974000;0.63681;0.636831;3.24317e-05
975000;0.63676;0.636831;0.000111498
976000;0.636494;0.636831;0.000528233
977000;0.636593;0.636831;0.000373787
978000;0.636596;0.636831;0.000368666
979000;0.636907;0.636831;0.000120102
980000;0.636664;0.636831;0.000261073
981000;0.636724;0.636831;0.000167824
982000;0.637047;0.636831;0.000338959
983000;0.636655;0.636831;0.000276459
984000;0.637035;0.636831;0.00032131
985000;0.636922;0.636831;0.000143143
986000;0.636608;0.636831;0.000350282
987000;0.637114;0.636831;0.000445016
988000;0.636432;0.636831;0.000626237
989000;0.636665;0.636831;0.000259903
990000;0.636649;0.636831;0.000285365
991000;0.636422;0.636831;0.000642333
992000;0.636717;0.636831;0.000178308
993000;0.636671;0.636831;0.000251203
994000;0.636691;0.636831;0.000219955
995000;0.637012;0.636831;0.000284489
996000;0.636669;0.636831;0.000254491
997000;0.63669;0.636831;0.000220174
998000;0.636727;0.636831;0.000162065
999000;0.636875;0.636831;7.00217e-05
1000000;0.636763;0.636831;0.000105834
