nSim;Delta_PW;Delta_PW_Ant;Delta_PW_Ant_CV;RelErr_PW;RelErr_PW_Ant;RelErr_PW_Ant_CV
1000;0.598862;0.596983;5.24842;0.893697;0.894031;0.0683638
3010;0.594125;0.592657;5.2856;0.894538;0.894799;0.0617632
5020;0.589392;0.589545;5.21525;0.895378;0.895351;0.0742507
7030;0.596914;0.593436;5.2238;0.894043;0.89466;0.0727339
9040;0.588486;0.591044;5.23035;0.895539;0.895085;0.0715711
11050;0.583716;0.592196;5.2125;0.896386;0.894881;0.0747399
13060;0.582332;0.592061;5.20661;0.896631;0.894904;0.075785
15070;0.59178;0.589825;5.21722;0.894954;0.895301;0.073902
17080;0.593528;0.590904;5.22565;0.894644;0.89511;0.0724055
19090;0.584249;0.590982;5.22294;0.896291;0.895096;0.0728869
21101;0.593272;0.589731;5.20631;0.894689;0.895318;0.0758376
23111;0.59027;0.590996;5.23578;0.895222;0.895094;0.0706072
25121;0.585606;0.591372;5.22261;0.89605;0.895027;0.0729448
27131;0.586036;0.590073;5.22084;0.895974;0.895257;0.0732593
29141;0.589683;0.591438;5.22181;0.895327;0.895015;0.0730875
31151;0.592033;0.590566;5.22416;0.894909;0.89517;0.0726699
33161;0.585588;0.59002;5.22578;0.896053;0.895267;0.0723824
35171;0.587199;0.589278;5.23118;0.895768;0.895399;0.0714241
37181;0.593487;0.590761;5.22235;0.894651;0.895135;0.0729904
39191;0.588263;0.589981;5.2317;0.895579;0.895274;0.0713305
41202;0.588638;0.58995;5.21594;0.895512;0.895279;0.0741285
43212;0.585049;0.59028;5.22622;0.896149;0.895221;0.0723047
45222;0.590825;0.590402;5.22168;0.895124;0.895199;0.0731097
47232;0.592361;0.588918;5.22537;0.894851;0.895462;0.0724551
49242;0.589024;0.589886;5.22817;0.895443;0.895291;0.0719573
51252;0.590468;0.590545;5.22123;0.895187;0.895173;0.0731904
53262;0.588905;0.591346;5.22261;0.895465;0.895031;0.0729442
55272;0.590339;0.589877;5.21111;0.89521;0.895292;0.0749856
57282;0.591376;0.590184;5.21936;0.895026;0.895238;0.0735215
59292;0.591851;0.590994;5.22463;0.894942;0.895094;0.0725859
61303;0.589787;0.589667;5.21795;0.895308;0.895329;0.0737721
63313;0.590797;0.590214;5.22337;0.895129;0.895232;0.0728105
65323;0.589382;0.589757;5.22332;0.89538;0.895313;0.0728181
67333;0.591039;0.591033;5.22525;0.895086;0.895087;0.072477
69343;0.59065;0.589776;5.21365;0.895155;0.89531;0.0745361
71353;0.593564;0.590238;5.23327;0.894638;0.895228;0.071052
73363;0.59079;0.589355;5.21569;0.89513;0.895385;0.0741739
75373;0.590736;0.59021;5.23384;0.89514;0.895233;0.0709516
77383;0.592256;0.590394;5.22731;0.89487;0.8952;0.0721106
79393;0.58985;0.590426;5.22526;0.895297;0.895195;0.0724747
81404;0.590231;0.590077;5.21745;0.895229;0.895257;0.0738603
83414;0.591598;0.589216;5.22261;0.894987;0.895409;0.0729444
85424;0.591754;0.590024;5.22562;0.894959;0.895266;0.0724109
87434;0.587414;0.589941;5.22876;0.895729;0.895281;0.071854
89444;0.590773;0.590776;5.22256;0.895133;0.895133;0.072953
91454;0.587492;0.589788;5.22219;0.895715;0.895308;0.0730203
93464;0.589534;0.5895;5.22415;0.895353;0.895359;0.072672
95474;0.592692;0.590428;5.21969;0.894792;0.895194;0.0734634
97484;0.595161;0.58967;5.22654;0.894354;0.895329;0.0722467
99494;0.589318;0.59035;5.22247;0.895391;0.895208;0.0729705
101505;0.589323;0.590298;5.23029;0.89539;0.895217;0.0715808
103515;0.592419;0.590549;5.22516;0.894841;0.895173;0.0724922
105525;0.589971;0.590259;5.22039;0.895275;0.895224;0.0733396
107535;0.589153;0.589574;5.22468;0.895421;0.895346;0.0725769
109545;0.588689;0.59012;5.22427;0.895503;0.895249;0.0726509
111555;0.586896;0.589774;5.21966;0.895821;0.89531;0.0734677
113565;0.590011;0.590432;5.22936;0.895268;0.895194;0.0717473
115575;0.591584;0.590491;5.2213;0.894989;0.895183;0.0731777
117585;0.587205;0.590483;5.2208;0.895766;0.895184;0.0732659
119595;0.589079;0.590609;5.22328;0.895434;0.895162;0.0728257
121606;0.591839;0.589871;5.22674;0.894944;0.895293;0.0722122
123616;0.59015;0.590507;5.21994;0.895244;0.89518;0.0734192
125626;0.589387;0.59009;5.22731;0.895379;0.895254;0.0721101
127636;0.58913;0.590654;5.22181;0.895425;0.895154;0.0730869
129646;0.589754;0.589733;5.22565;0.895314;0.895318;0.0724052
131656;0.591699;0.589832;5.22305;0.894969;0.8953;0.0728663
133666;0.589717;0.590414;5.22544;0.895321;0.895197;0.0724424
135676;0.590726;0.589745;5.22385;0.895141;0.895316;0.0727251
137686;0.589164;0.591034;5.22516;0.895419;0.895087;0.0724924
139696;0.589235;0.590136;5.22227;0.895406;0.895246;0.073006
141707;0.588263;0.590689;5.22131;0.895579;0.895148;0.0731754
143717;0.592759;0.590201;5.21791;0.894781;0.895235;0.0737795
145727;0.587348;0.589952;5.22714;0.895741;0.895279;0.0721415
147737;0.586227;0.59043;5.22771;0.89594;0.895194;0.0720393
149747;0.590951;0.590143;5.22618;0.895101;0.895245;0.0723108
151757;0.587867;0.590557;5.22744;0.895649;0.895171;0.0720879
153767;0.587246;0.590218;5.22482;0.895759;0.895232;0.0725528
155777;0.590077;0.589513;5.22747;0.895257;0.895357;0.072082
157787;0.592063;0.590456;5.22397;0.894904;0.895189;0.0727029
159797;0.592422;0.59003;5.22774;0.89484;0.895265;0.0720341
161808;0.58786;0.589326;5.22369;0.89565;0.89539;0.0727537
163818;0.590456;0.591051;5.22428;0.895189;0.895084;0.072648
165828;0.588698;0.590559;5.22636;0.895501;0.895171;0.0722799
167838;0.592026;0.590278;5.22619;0.894911;0.895221;0.0723087
169848;0.591042;0.590025;5.22756;0.895085;0.895266;0.0720669
171858;0.588583;0.589971;5.22159;0.895522;0.895275;0.0731266
173868;0.589856;0.590473;5.22166;0.895296;0.895186;0.0731127
175878;0.590051;0.590281;5.22537;0.895261;0.89522;0.0724542
177888;0.588779;0.590164;5.22469;0.895487;0.895241;0.0725751
179898;0.590981;0.590059;5.22497;0.895096;0.89526;0.0725262
181909;0.590155;0.589964;5.2249;0.895243;0.895277;0.0725391
183919;0.590699;0.589793;5.21956;0.895146;0.895307;0.0734868
185929;0.588961;0.589809;5.22208;0.895455;0.895304;0.0730382
187939;0.591683;0.590533;5.22355;0.894972;0.895176;0.0727788
189949;0.590176;0.590479;5.22673;0.895239;0.895185;0.0722136
191959;0.589817;0.589735;5.22354;0.895303;0.895317;0.0727803
193969;0.589524;0.590593;5.222;0.895355;0.895165;0.0730535
195979;0.59072;0.590283;5.22754;0.895142;0.89522;0.0720691
197989;0.589821;0.590322;5.21975;0.895302;0.895213;0.0734525
200000;0.589808;0.590008;5.22494;0.895304;0.895269;0.0725314
