nSimulations;Vega_Antithetic;Vega_BS;Relative_Error
1000;0;37.524;1
2000;-0.00889516;37.524;1.00024
3000;0;37.524;1
4000;0;37.524;1
5000;0;37.524;1
6000;0;37.524;1
7000;-0.00340567;37.524;1.00009
8000;-0.00318948;37.524;1.00008
9000;-0.071458;37.524;1.0019
10000;-0.00266073;37.524;1.00007
11000;-0.000272441;37.524;1.00001
12000;-0.00120101;37.524;1.00003
13000;0;37.524;1
14000;-0.000663501;37.524;1.00002
15000;-0.00149735;37.524;1.00004
16000;-0.000781891;37.524;1.00002
17000;-3.8007e-05;37.524;1
18000;-0.0147079;37.524;1.00039
19000;-0.000340837;37.524;1.00001
20000;-0.0180986;37.524;1.00048
21000;-0.00681435;37.524;1.00018
22000;-0.00312974;37.524;1.00008
23000;-0.00250801;37.524;1.00007
24000;-0.000101467;37.524;1
25000;-0.00558126;37.524;1.00015
26000;-0.010135;37.524;1.00027
27000;-0.0141423;37.524;1.00038
28000;-0.0304832;37.524;1.00081
29000;-0.0274172;37.524;1.00073
30000;-0.00342021;37.524;1.00009
31000;-0.000437693;37.524;1.00001
32000;-0.0066132;37.524;1.00018
33000;-0.0171938;37.524;1.00046
34000;-0.00710334;37.524;1.00019
35000;-0.00253649;37.524;1.00007
36000;-0.040362;37.524;1.00108
37000;-0.00411897;37.524;1.00011
38000;-0.0335613;37.524;1.00089
39000;-0.00295119;37.524;1.00008
40000;-2.50725;37.524;1.06682
41000;-0.00923675;37.524;1.00025
42000;-0.000682609;37.524;1.00002
43000;-0.00580298;37.524;1.00015
44000;-0.0011455;37.524;1.00003
45000;-0.0243276;37.524;1.00065
46000;-0.00231387;37.524;1.00006
47000;-0.0186605;37.524;1.0005
48000;-0.000900895;37.524;1.00002
49000;-0.037964;37.524;1.00101
50000;-0.93368;37.524;1.02488
51000;-0.00416952;37.524;1.00011
52000;-0.0458746;37.524;1.00122
53000;-0.15394;37.524;1.0041
54000;-0.041823;37.524;1.00111
55000;-0.00393768;37.524;1.0001
56000;-0.00728564;37.524;1.00019
57000;-0.00531939;37.524;1.00014
58000;-0.00230549;37.524;1.00006
59000;-0.00230309;37.524;1.00006
60000;-0.0141879;37.524;1.00038
61000;-0.0304161;37.524;1.00081
62000;-0.00255395;37.524;1.00007
63000;-0.0317807;37.524;1.00085
64000;-2.36004;37.524;1.06289
65000;-0.0120708;37.524;1.00032
66000;-0.00823687;37.524;1.00022
67000;-0.00156383;37.524;1.00004
68000;-0.0170469;37.524;1.00045
69000;-0.00369969;37.524;1.0001
70000;-0.00509661;37.524;1.00014
71000;-0.00543127;37.524;1.00014
72000;-0.0237154;37.524;1.00063
73000;-0.00108226;37.524;1.00003
74000;-0.0143054;37.524;1.00038
75000;-0.00691116;37.524;1.00018
76000;-0.00100703;37.524;1.00003
77000;-0.00422127;37.524;1.00011
78000;-0.000708326;37.524;1.00002
79000;-0.000943081;37.524;1.00003
80000;-0.113378;37.524;1.00302
81000;-0.00517876;37.524;1.00014
82000;-0.0216843;37.524;1.00058
83000;-0.172806;37.524;1.00461
84000;-0.0173733;37.524;1.00046
85000;-0.018285;37.524;1.00049
86000;-2.63039;37.524;1.0701
87000;-0.00586401;37.524;1.00016
88000;-0.146639;37.524;1.00391
89000;-0.120891;37.524;1.00322
90000;-0.0440122;37.524;1.00117
91000;-0.00220023;37.524;1.00006
92000;-0.00446889;37.524;1.00012
93000;-0.0258648;37.524;1.00069
94000;-0.0147522;37.524;1.00039
95000;-0.301799;37.524;1.00804
96000;-0.00468198;37.524;1.00012
97000;-0.0283455;37.524;1.00076
98000;-0.0472656;37.524;1.00126
99000;-0.245093;37.524;1.00653
100000;-0.044931;37.524;1.0012
101000;-0.00463333;37.524;1.00012
102000;-1.3726;37.524;1.03658
103000;-0.178828;37.524;1.00477
104000;-0.00454665;37.524;1.00012
105000;-0.0176899;37.524;1.00047
106000;-0.0379281;37.524;1.00101
107000;-0.0143963;37.524;1.00038
108000;-0.0732087;37.524;1.00195
109000;-0.0260735;37.524;1.00069
110000;-0.0120392;37.524;1.00032
111000;-0.0343845;37.524;1.00092
112000;-0.00576336;37.524;1.00015
113000;-0.0373793;37.524;1.001
114000;-0.153314;37.524;1.00409
115000;-0.00983518;37.524;1.00026
116000;-0.00607526;37.524;1.00016
117000;-0.0153352;37.524;1.00041
118000;-0.0340579;37.524;1.00091
119000;-0.0281805;37.524;1.00075
120000;-0.00437985;37.524;1.00012
121000;-0.00331004;37.524;1.00009
122000;-0.0101395;37.524;1.00027
123000;-0.0186447;37.524;1.0005
124000;-0.00763894;37.524;1.0002
125000;-0.0366487;37.524;1.00098
126000;-0.37864;37.524;1.01009
127000;-0.00678502;37.524;1.00018
128000;-0.0204541;37.524;1.00055
129000;-0.0536214;37.524;1.00143
130000;-0.0111474;37.524;1.0003
131000;-0.0290683;37.524;1.00077
132000;-0.0206008;37.524;1.00055
133000;-0.00692209;37.524;1.00018
134000;-0.0133797;37.524;1.00036
135000;-0.0572776;37.524;1.00153
136000;-0.0221753;37.524;1.00059
137000;-0.00439274;37.524;1.00012
138000;-0.00625287;37.524;1.00017
139000;-0.0480672;37.524;1.00128
140000;-0.0123806;37.524;1.00033
141000;-0.00706254;37.524;1.00019
142000;-0.159383;37.524;1.00425
143000;-0.00828591;37.524;1.00022
144000;-0.0152322;37.524;1.00041
145000;-0.0135215;37.524;1.00036
146000;-0.0273493;37.524;1.00073
147000;-0.0158379;37.524;1.00042
148000;-0.0336324;37.524;1.0009
149000;-0.00488664;37.524;1.00013
150000;-0.00667032;37.524;1.00018
151000;-0.149636;37.524;1.00399
152000;-0.00483251;37.524;1.00013
153000;-0.0252167;37.524;1.00067
154000;-0.00536498;37.524;1.00014
155000;-0.673119;37.524;1.01794
156000;-0.00707888;37.524;1.00019
157000;-0.210245;37.524;1.0056
158000;-0.00809426;37.524;1.00022
159000;-0.00739617;37.524;1.0002
160000;-0.00644728;37.524;1.00017
161000;-0.112146;37.524;1.00299
162000;-0.00739003;37.524;1.0002
163000;-0.00414128;37.524;1.00011
164000;-0.0131757;37.524;1.00035
165000;-0.16375;37.524;1.00436
166000;-0.0529008;37.524;1.00141
167000;-0.00401958;37.524;1.00011
168000;-0.00485829;37.524;1.00013
169000;-0.0760854;37.524;1.00203
170000;-0.0237985;37.524;1.00063
171000;-0.0104993;37.524;1.00028
172000;-0.00735783;37.524;1.0002
173000;-0.00831395;37.524;1.00022
174000;-0.0131951;37.524;1.00035
175000;-0.0262223;37.524;1.0007
176000;-0.00536321;37.524;1.00014
177000;-0.0118059;37.524;1.00031
178000;-0.010233;37.524;1.00027
179000;-0.0097012;37.524;1.00026
180000;-0.0323818;37.524;1.00086
181000;-0.00562619;37.524;1.00015
182000;-0.00716604;37.524;1.00019
183000;-0.0222938;37.524;1.00059
184000;-0.784769;37.524;1.02091
185000;-0.00707641;37.524;1.00019
186000;-0.590753;37.524;1.01574
187000;-0.0120999;37.524;1.00032
188000;-0.00739985;37.524;1.0002
189000;-0.0412699;37.524;1.0011
190000;-1.15055;37.524;1.03066
191000;-0.00506122;37.524;1.00013
192000;-0.0062793;37.524;1.00017
193000;-0.0248395;37.524;1.00066
194000;-0.00490756;37.524;1.00013
195000;-0.211062;37.524;1.00562
196000;-0.00473443;37.524;1.00013
197000;-0.092557;37.524;1.00247
198000;-0.0643223;37.524;1.00171
199000;-0.0331055;37.524;1.00088
200000;-0.116254;37.524;1.0031
201000;-0.0152603;37.524;1.00041
202000;-0.100184;37.524;1.00267
203000;-1.01884;37.524;1.02715
204000;-0.0189847;37.524;1.00051
205000;-0.020942;37.524;1.00056
206000;-0.0287067;37.524;1.00077
207000;-0.863817;37.524;1.02302
208000;-0.0287528;37.524;1.00077
209000;-0.0559843;37.524;1.00149
210000;-0.0250602;37.524;1.00067
211000;-0.0115927;37.524;1.00031
212000;-0.0343405;37.524;1.00092
213000;-0.00642356;37.524;1.00017
214000;-0.00730238;37.524;1.00019
215000;-0.0136963;37.524;1.00036
216000;-0.00546646;37.524;1.00015
217000;-0.0223489;37.524;1.0006
218000;-0.0241553;37.524;1.00064
219000;-0.0518977;37.524;1.00138
220000;-0.00614109;37.524;1.00016
221000;-0.0176764;37.524;1.00047
222000;-0.0306881;37.524;1.00082
223000;-0.00998084;37.524;1.00027
224000;-0.0201945;37.524;1.00054
225000;-0.00871513;37.524;1.00023
226000;-0.00650034;37.524;1.00017
227000;-0.0836958;37.524;1.00223
228000;-0.00559615;37.524;1.00015
229000;-0.00455812;37.524;1.00012
230000;-0.0667748;37.524;1.00178
231000;-0.0153966;37.524;1.00041
232000;-0.0296926;37.524;1.00079
233000;-0.112609;37.524;1.003
234000;-0.01454;37.524;1.00039
235000;-0.217817;37.524;1.0058
236000;-0.0661358;37.524;1.00176
237000;-0.116959;37.524;1.00312
238000;-0.0281996;37.524;1.00075
239000;-0.00650693;37.524;1.00017
240000;-0.00558953;37.524;1.00015
241000;-0.0292664;37.524;1.00078
242000;-0.00648134;37.524;1.00017
243000;-0.0274353;37.524;1.00073
244000;-0.0722616;37.524;1.00193
245000;-0.0842844;37.524;1.00225
246000;-0.0705047;37.524;1.00188
247000;-0.0247863;37.524;1.00066
248000;-0.60579;37.524;1.01614
249000;-0.0132901;37.524;1.00035
250000;-0.0317251;37.524;1.00085
251000;-0.0947867;37.524;1.00253
252000;-0.024213;37.524;1.00065
253000;-0.0206002;37.524;1.00055
254000;-0.00596491;37.524;1.00016
255000;-0.588297;37.524;1.01568
256000;-0.0139835;37.524;1.00037
257000;-0.340979;37.524;1.00909
258000;-0.00733193;37.524;1.0002
259000;-0.0129666;37.524;1.00035
260000;-0.16856;37.524;1.00449
261000;-0.0380285;37.524;1.00101
262000;-0.0197586;37.524;1.00053
263000;-0.0163979;37.524;1.00044
264000;-0.0147761;37.524;1.00039
265000;-0.046844;37.524;1.00125
266000;-1.45893;37.524;1.03888
267000;-0.0188245;37.524;1.0005
268000;-0.0109169;37.524;1.00029
269000;-0.00521451;37.524;1.00014
270000;-0.00734196;37.524;1.0002
271000;-0.0829721;37.524;1.00221
272000;-0.0315274;37.524;1.00084
273000;-0.0806707;37.524;1.00215
274000;-0.00500369;37.524;1.00013
275000;-0.0188091;37.524;1.0005
276000;-0.0225136;37.524;1.0006
277000;-0.0440507;37.524;1.00117
278000;-0.00210483;37.524;1.00006
279000;-0.0280577;37.524;1.00075
280000;-35.5709;37.524;1.94795
281000;-0.0227349;37.524;1.00061
282000;-0.0688404;37.524;1.00183
283000;-0.0190232;37.524;1.00051
284000;-0.019422;37.524;1.00052
285000;-0.911313;37.524;1.02429
286000;-0.00792141;37.524;1.00021
287000;-0.256574;37.524;1.00684
288000;-0.00623965;37.524;1.00017
289000;-0.264147;37.524;1.00704
290000;-0.00623645;37.524;1.00017
291000;-0.347925;37.524;1.00927
292000;-0.0559186;37.524;1.00149
293000;-0.00395375;37.524;1.00011
294000;-0.0185812;37.524;1.0005
295000;-0.0440093;37.524;1.00117
296000;-0.0116521;37.524;1.00031
297000;-0.0428654;37.524;1.00114
298000;-0.0218422;37.524;1.00058
299000;-0.0148666;37.524;1.0004
300000;-0.179243;37.524;1.00478
301000;-0.0373857;37.524;1.001
302000;-0.104166;37.524;1.00278
303000;-0.0906374;37.524;1.00242
304000;-0.00743779;37.524;1.0002
305000;-0.0104977;37.524;1.00028
306000;-0.246134;37.524;1.00656
307000;-0.00666017;37.524;1.00018
308000;-0.474327;37.524;1.01264
309000;-0.0119741;37.524;1.00032
310000;-0.233157;37.524;1.00621
311000;-0.00530116;37.524;1.00014
312000;-0.0384481;37.524;1.00102
313000;-0.0575329;37.524;1.00153
314000;-1.63726;37.524;1.04363
315000;-0.0546408;37.524;1.00146
316000;-0.0944999;37.524;1.00252
317000;-0.0190632;37.524;1.00051
318000;-0.053888;37.524;1.00144
319000;-0.0103285;37.524;1.00028
320000;-0.786271;37.524;1.02095
321000;-0.045224;37.524;1.00121
322000;-0.0859156;37.524;1.00229
323000;-0.0211958;37.524;1.00056
324000;-0.0813863;37.524;1.00217
325000;-0.00742281;37.524;1.0002
326000;-0.00746351;37.524;1.0002
327000;-0.108013;37.524;1.00288
328000;-0.355092;37.524;1.00946
329000;-0.0585402;37.524;1.00156
330000;-0.216137;37.524;1.00576
331000;-0.166523;37.524;1.00444
332000;-0.0676567;37.524;1.0018
333000;-0.564629;37.524;1.01505
334000;-0.0705282;37.524;1.00188
335000;-0.0132699;37.524;1.00035
336000;-0.0127996;37.524;1.00034
337000;-0.0137113;37.524;1.00037
338000;-0.015391;37.524;1.00041
339000;-0.00460626;37.524;1.00012
340000;-0.0557219;37.524;1.00148
341000;-0.0160702;37.524;1.00043
342000;-0.00487455;37.524;1.00013
343000;-0.0296763;37.524;1.00079
344000;-0.246561;37.524;1.00657
345000;-0.0709448;37.524;1.00189
346000;-0.0294747;37.524;1.00079
347000;-0.0246186;37.524;1.00066
348000;-0.00413335;37.524;1.00011
349000;-0.136262;37.524;1.00363
350000;-0.00984003;37.524;1.00026
351000;-0.00554055;37.524;1.00015
352000;-0.015269;37.524;1.00041
353000;-0.0132914;37.524;1.00035
354000;-0.0135237;37.524;1.00036
355000;-0.0498486;37.524;1.00133
356000;-0.0203061;37.524;1.00054
357000;-0.0230398;37.524;1.00061
358000;-0.0596195;37.524;1.00159
359000;-0.0588682;37.524;1.00157
360000;-0.0285838;37.524;1.00076
361000;-1.1717;37.524;1.03123
362000;-0.0172599;37.524;1.00046
363000;-0.0569335;37.524;1.00152
364000;-0.147937;37.524;1.00394
365000;-0.0199744;37.524;1.00053
366000;-0.00742046;37.524;1.0002
367000;-0.1859;37.524;1.00495
368000;-0.143577;37.524;1.00383
369000;-0.0172877;37.524;1.00046
370000;-0.0877139;37.524;1.00234
371000;-0.0415287;37.524;1.00111
372000;-1.95473;37.524;1.05209
373000;-0.0271174;37.524;1.00072
374000;-0.0113209;37.524;1.0003
375000;-0.0378381;37.524;1.00101
376000;-0.0415323;37.524;1.00111
377000;-0.0236842;37.524;1.00063
378000;-0.0213312;37.524;1.00057
379000;-0.0132081;37.524;1.00035
380000;-0.0126404;37.524;1.00034
381000;-1.04675;37.524;1.0279
382000;-0.0451276;37.524;1.0012
383000;-0.149948;37.524;1.004
384000;-0.0121358;37.524;1.00032
385000;-0.0152467;37.524;1.00041
386000;-0.0478575;37.524;1.00128
387000;-6.44456;37.524;1.17174
388000;-0.013927;37.524;1.00037
389000;-0.0295892;37.524;1.00079
390000;-0.0211264;37.524;1.00056
391000;-0.00997519;37.524;1.00027
392000;-14.4141;37.524;1.38413
393000;-0.0327439;37.524;1.00087
394000;-0.00719083;37.524;1.00019
395000;-0.0405413;37.524;1.00108
396000;-0.00762716;37.524;1.0002
397000;-0.0129749;37.524;1.00035
398000;-0.0124335;37.524;1.00033
399000;-0.0202583;37.524;1.00054
400000;-0.00505703;37.524;1.00013
401000;-0.035584;37.524;1.00095
402000;-0.0136058;37.524;1.00036
403000;-0.0592281;37.524;1.00158
404000;-0.0365437;37.524;1.00097
405000;-0.134013;37.524;1.00357
406000;-0.0025212;37.524;1.00007
407000;-0.0344959;37.524;1.00092
408000;-0.00598617;37.524;1.00016
409000;-0.398545;37.524;1.01062
410000;-0.016283;37.524;1.00043
411000;-39.5166;37.524;2.0531
412000;-0.0547142;37.524;1.00146
413000;-0.0676462;37.524;1.0018
414000;-0.0236098;37.524;1.00063
415000;-0.123668;37.524;1.0033
416000;-0.0214431;37.524;1.00057
417000;-0.0448094;37.524;1.00119
418000;-0.0157954;37.524;1.00042
419000;-0.221273;37.524;1.0059
420000;-0.0198014;37.524;1.00053
421000;-0.237771;37.524;1.00634
422000;-0.0216636;37.524;1.00058
423000;-0.0142239;37.524;1.00038
424000;-0.0412936;37.524;1.0011
425000;-1.37225;37.524;1.03657
426000;-0.00909508;37.524;1.00024
427000;-0.0211535;37.524;1.00056
428000;-0.0877646;37.524;1.00234
429000;-0.0207508;37.524;1.00055
430000;-0.0519461;37.524;1.00138
431000;-0.0254246;37.524;1.00068
432000;-2.19639;37.524;1.05853
433000;-0.0272773;37.524;1.00073
434000;-0.0106746;37.524;1.00028
435000;-0.0231203;37.524;1.00062
436000;-0.0517673;37.524;1.00138
437000;-0.159629;37.524;1.00425
438000;-0.0562729;37.524;1.0015
439000;-0.024508;37.524;1.00065
440000;-0.00492358;37.524;1.00013
441000;-0.0372743;37.524;1.00099
442000;-0.0427628;37.524;1.00114
443000;-0.602192;37.524;1.01605
444000;-0.0509044;37.524;1.00136
445000;-0.0478985;37.524;1.00128
446000;-0.0054385;37.524;1.00014
447000;-0.257733;37.524;1.00687
448000;-0.0126095;37.524;1.00034
449000;-0.0153213;37.524;1.00041
450000;-0.0228543;37.524;1.00061
451000;-0.0732509;37.524;1.00195
452000;-0.0467715;37.524;1.00125
453000;-0.0166799;37.524;1.00044
454000;-0.0184817;37.524;1.00049
455000;-0.0166626;37.524;1.00044
456000;-0.0664511;37.524;1.00177
457000;-0.0059025;37.524;1.00016
458000;-0.0747859;37.524;1.00199
459000;-0.130756;37.524;1.00348
460000;-0.0195325;37.524;1.00052
461000;-0.132622;37.524;1.00353
462000;-0.052091;37.524;1.00139
463000;-0.00524736;37.524;1.00014
464000;-0.0529308;37.524;1.00141
465000;-0.066558;37.524;1.00177
466000;-0.0179007;37.524;1.00048
467000;-0.334587;37.524;1.00892
468000;-0.0416992;37.524;1.00111
469000;-0.0222447;37.524;1.00059
470000;-0.0230048;37.524;1.00061
471000;-0.0172765;37.524;1.00046
472000;-0.00822045;37.524;1.00022
473000;-10.1672;37.524;1.27095
474000;-0.115773;37.524;1.00309
475000;-0.048212;37.524;1.00128
476000;-0.0845755;37.524;1.00225
477000;-0.00888122;37.524;1.00024
478000;-2.13782;37.524;1.05697
479000;-0.0900353;37.524;1.0024
480000;-0.022274;37.524;1.00059
481000;-0.0317211;37.524;1.00085
482000;-0.00968433;37.524;1.00026
483000;-0.0152358;37.524;1.00041
484000;-0.0189066;37.524;1.0005
485000;-0.03229;37.524;1.00086
486000;-0.146342;37.524;1.0039
487000;-0.21639;37.524;1.00577
488000;-0.0118633;37.524;1.00032
489000;-0.0302817;37.524;1.00081
490000;-0.0822641;37.524;1.00219
491000;-0.143228;37.524;1.00382
492000;-0.0361515;37.524;1.00096
493000;-0.0347099;37.524;1.00093
494000;-0.132925;37.524;1.00354
495000;-0.0169961;37.524;1.00045
496000;-0.037893;37.524;1.00101
497000;-0.0147521;37.524;1.00039
498000;-0.0174029;37.524;1.00046
499000;-0.0917778;37.524;1.00245
500000;-0.0172897;37.524;1.00046
501000;-0.0114869;37.524;1.00031
502000;-0.400102;37.524;1.01066
503000;-0.535792;37.524;1.01428
504000;-0.034499;37.524;1.00092
505000;-0.0253208;37.524;1.00067
506000;-0.0244254;37.524;1.00065
507000;-0.0325384;37.524;1.00087
508000;-0.925624;37.524;1.02467
509000;-0.0409143;37.524;1.00109
510000;-0.0177216;37.524;1.00047
511000;-0.320709;37.524;1.00855
512000;-0.0144745;37.524;1.00039
513000;-0.0113652;37.524;1.0003
514000;-0.299015;37.524;1.00797
515000;-0.00435644;37.524;1.00012
516000;-0.0513721;37.524;1.00137
517000;-0.00916854;37.524;1.00024
518000;-0.0245394;37.524;1.00065
519000;-0.0342218;37.524;1.00091
520000;-0.0184577;37.524;1.00049
521000;-0.0139609;37.524;1.00037
522000;-0.0223404;37.524;1.0006
523000;-0.028042;37.524;1.00075
524000;-0.749247;37.524;1.01997
525000;-0.40554;37.524;1.01081
526000;-0.0799095;37.524;1.00213
527000;-0.0361911;37.524;1.00096
528000;-0.0222376;37.524;1.00059
529000;-0.00780635;37.524;1.00021
530000;-0.0288719;37.524;1.00077
531000;-0.062835;37.524;1.00167
532000;-0.0558218;37.524;1.00149
533000;-0.0378409;37.524;1.00101
534000;-0.0690934;37.524;1.00184
535000;-1.47595;37.524;1.03933
536000;-0.0142298;37.524;1.00038
537000;-0.0315983;37.524;1.00084
538000;-0.0610348;37.524;1.00163
539000;-0.0319882;37.524;1.00085
540000;-0.0469734;37.524;1.00125
541000;-0.0105408;37.524;1.00028
542000;-0.0203729;37.524;1.00054
543000;-0.18116;37.524;1.00483
544000;-0.00619016;37.524;1.00016
545000;-0.0318028;37.524;1.00085
546000;-0.115292;37.524;1.00307
547000;-0.317964;37.524;1.00847
548000;-0.0860811;37.524;1.00229
549000;-0.0432592;37.524;1.00115
550000;-0.00916342;37.524;1.00024
551000;-0.158592;37.524;1.00423
552000;-0.0357662;37.524;1.00095
553000;-0.0307297;37.524;1.00082
554000;-0.0980113;37.524;1.00261
555000;-0.0209626;37.524;1.00056
556000;-0.0531702;37.524;1.00142
557000;-0.0211867;37.524;1.00056
558000;-0.0394094;37.524;1.00105
559000;-0.00975612;37.524;1.00026
560000;-0.0598993;37.524;1.0016
561000;-4.68983;37.524;1.12498
562000;-0.0447629;37.524;1.00119
563000;-0.0139637;37.524;1.00037
564000;-0.0469103;37.524;1.00125
565000;-0.0348112;37.524;1.00093
566000;-0.0277432;37.524;1.00074
567000;-0.29155;37.524;1.00777
568000;-0.0129044;37.524;1.00034
569000;-0.00885866;37.524;1.00024
570000;-0.0110184;37.524;1.00029
571000;-0.0221026;37.524;1.00059
572000;-0.0290117;37.524;1.00077
573000;-0.0200871;37.524;1.00054
574000;-0.287077;37.524;1.00765
575000;-0.0204001;37.524;1.00054
576000;-0.0275478;37.524;1.00073
577000;-0.0137673;37.524;1.00037
578000;-0.0312577;37.524;1.00083
579000;-0.0799731;37.524;1.00213
580000;-0.485665;37.524;1.01294
581000;-0.303222;37.524;1.00808
582000;-0.105539;37.524;1.00281
583000;-0.0100326;37.524;1.00027
584000;-0.0141429;37.524;1.00038
585000;-0.0160187;37.524;1.00043
586000;-0.020775;37.524;1.00055
587000;-0.0306649;37.524;1.00082
588000;-0.294623;37.524;1.00785
589000;-0.0374941;37.524;1.001
590000;-0.0191796;37.524;1.00051
591000;-0.0818468;37.524;1.00218
592000;-0.0610523;37.524;1.00163
593000;-0.029275;37.524;1.00078
594000;-0.0655334;37.524;1.00175
595000;-0.373156;37.524;1.00994
596000;-0.0488682;37.524;1.0013
597000;-0.00937605;37.524;1.00025
598000;-0.028419;37.524;1.00076
599000;-0.0222439;37.524;1.00059
600000;-0.060794;37.524;1.00162
601000;-0.00837229;37.524;1.00022
602000;-0.011435;37.524;1.0003
603000;-0.00783104;37.524;1.00021
604000;-0.0227988;37.524;1.00061
605000;-0.122976;37.524;1.00328
606000;-0.0688169;37.524;1.00183
607000;-3.42245;37.524;1.09121
608000;-0.143894;37.524;1.00383
609000;-0.121282;37.524;1.00323
610000;-0.0216002;37.524;1.00058
611000;-0.0381185;37.524;1.00102
612000;-0.0215454;37.524;1.00057
613000;-0.0327055;37.524;1.00087
614000;-0.011751;37.524;1.00031
615000;-0.0419778;37.524;1.00112
616000;-1.30274;37.524;1.03472
617000;-1.4971;37.524;1.0399
618000;-0.0130146;37.524;1.00035
619000;-0.0197143;37.524;1.00053
620000;-0.0131031;37.524;1.00035
621000;-2.96758;37.524;1.07908
622000;-0.0796736;37.524;1.00212
623000;-0.195868;37.524;1.00522
624000;-0.0118441;37.524;1.00032
625000;-0.132195;37.524;1.00352
626000;-0.256134;37.524;1.00683
627000;-0.0107326;37.524;1.00029
628000;-0.0139411;37.524;1.00037
629000;-0.1156;37.524;1.00308
630000;-0.0161445;37.524;1.00043
631000;-0.105588;37.524;1.00281
632000;-0.0155483;37.524;1.00041
633000;-0.0924332;37.524;1.00246
634000;-0.17294;37.524;1.00461
635000;-0.0211887;37.524;1.00056
636000;-0.0431913;37.524;1.00115
637000;-0.469869;37.524;1.01252
638000;-0.0322905;37.524;1.00086
639000;-0.0330227;37.524;1.00088
640000;-0.0835902;37.524;1.00223
641000;-0.17093;37.524;1.00456
642000;-0.0325546;37.524;1.00087
643000;-0.0272059;37.524;1.00073
644000;-0.0549926;37.524;1.00147
645000;-0.04453;37.524;1.00119
646000;-0.0586431;37.524;1.00156
647000;-0.0552763;37.524;1.00147
648000;-0.0161578;37.524;1.00043
649000;-0.0138529;37.524;1.00037
650000;-0.0307168;37.524;1.00082
651000;-0.017403;37.524;1.00046
652000;-0.0368912;37.524;1.00098
653000;-0.0138531;37.524;1.00037
654000;-3.53187;37.524;1.09412
655000;-0.239732;37.524;1.00639
656000;-0.0271884;37.524;1.00072
657000;-0.0240847;37.524;1.00064
658000;-0.0763049;37.524;1.00203
659000;-0.0111941;37.524;1.0003
660000;-0.017979;37.524;1.00048
661000;-0.0153719;37.524;1.00041
662000;-0.0122583;37.524;1.00033
663000;-0.0249294;37.524;1.00066
664000;-0.0922083;37.524;1.00246
665000;-0.090176;37.524;1.0024
666000;-0.0227534;37.524;1.00061
667000;-0.0385596;37.524;1.00103
668000;-0.0173951;37.524;1.00046
669000;-0.305788;37.524;1.00815
670000;-7.30781;37.524;1.19475
671000;-0.0276217;37.524;1.00074
672000;-0.042722;37.524;1.00114
673000;-0.0144031;37.524;1.00038
674000;-0.00818038;37.524;1.00022
675000;-0.103052;37.524;1.00275
676000;-0.18872;37.524;1.00503
677000;-0.159775;37.524;1.00426
678000;-0.0135108;37.524;1.00036
679000;-0.191797;37.524;1.00511
680000;-0.0232746;37.524;1.00062
681000;-0.0987727;37.524;1.00263
682000;-0.81582;37.524;1.02174
683000;-0.0176295;37.524;1.00047
684000;-0.231345;37.524;1.00617
685000;-0.110361;37.524;1.00294
686000;-0.119555;37.524;1.00319
687000;-0.0544348;37.524;1.00145
688000;-0.0690711;37.524;1.00184
689000;-0.0306849;37.524;1.00082
690000;-0.0139501;37.524;1.00037
691000;-0.0161429;37.524;1.00043
692000;-0.697606;37.524;1.01859
693000;-0.0452959;37.524;1.00121
694000;-0.166037;37.524;1.00442
695000;-0.0578133;37.524;1.00154
696000;-0.178209;37.524;1.00475
697000;-0.426915;37.524;1.01138
698000;-0.04353;37.524;1.00116
699000;-0.019213;37.524;1.00051
700000;-0.0538713;37.524;1.00144
701000;-0.115481;37.524;1.00308
702000;-0.0296801;37.524;1.00079
703000;-0.0216072;37.524;1.00058
704000;-0.0231371;37.524;1.00062
705000;-0.0842032;37.524;1.00224
706000;-0.038576;37.524;1.00103
707000;-0.0303479;37.524;1.00081
708000;-0.261973;37.524;1.00698
709000;-0.0357193;37.524;1.00095
710000;-0.019677;37.524;1.00052
711000;-0.0568057;37.524;1.00151
712000;-0.0221316;37.524;1.00059
713000;-1.89302;37.524;1.05045
714000;-0.100652;37.524;1.00268
715000;-0.0545194;37.524;1.00145
716000;-0.085299;37.524;1.00227
717000;-0.0411937;37.524;1.0011
718000;-0.0102355;37.524;1.00027
719000;-0.0179018;37.524;1.00048
720000;-0.00811556;37.524;1.00022
721000;-0.0238515;37.524;1.00064
722000;-0.0148762;37.524;1.0004
723000;-0.136758;37.524;1.00364
724000;-0.034649;37.524;1.00092
725000;-0.0520678;37.524;1.00139
726000;-0.0121261;37.524;1.00032
727000;-0.0440415;37.524;1.00117
728000;-0.0454196;37.524;1.00121
729000;-0.0244454;37.524;1.00065
730000;-0.0213142;37.524;1.00057
731000;-0.0448565;37.524;1.0012
732000;-0.588323;37.524;1.01568
733000;-0.01452;37.524;1.00039
734000;-0.0307837;37.524;1.00082
735000;-0.0252323;37.524;1.00067
736000;-0.0758592;37.524;1.00202
737000;-0.0285234;37.524;1.00076
738000;-0.0180655;37.524;1.00048
739000;-0.830282;37.524;1.02213
740000;-0.0433209;37.524;1.00115
741000;-0.0185526;37.524;1.00049
742000;-0.045169;37.524;1.0012
743000;-0.0519285;37.524;1.00138
744000;-0.149454;37.524;1.00398
745000;-0.927818;37.524;1.02473
746000;-0.82981;37.524;1.02211
747000;-2.52646;37.524;1.06733
748000;-0.0158522;37.524;1.00042
749000;-0.0385426;37.524;1.00103
750000;-0.173889;37.524;1.00463
751000;-0.024587;37.524;1.00066
752000;-0.0112861;37.524;1.0003
753000;-0.012645;37.524;1.00034
754000;-0.00897732;37.524;1.00024
755000;-0.106878;37.524;1.00285
756000;-0.037077;37.524;1.00099
757000;-0.0889491;37.524;1.00237
758000;-0.664703;37.524;1.01771
759000;-0.200364;37.524;1.00534
760000;-0.0414553;37.524;1.0011
761000;-0.0430407;37.524;1.00115
762000;-0.0421646;37.524;1.00112
763000;-0.0167788;37.524;1.00045
764000;-0.0131801;37.524;1.00035
765000;-0.124235;37.524;1.00331
766000;-0.658754;37.524;1.01756
767000;-0.0435049;37.524;1.00116
768000;-0.342145;37.524;1.00912
769000;-0.0543846;37.524;1.00145
770000;-0.137925;37.524;1.00368
771000;-0.01331;37.524;1.00035
772000;-0.0204459;37.524;1.00054
773000;-0.0162722;37.524;1.00043
774000;-0.0889462;37.524;1.00237
775000;-0.396682;37.524;1.01057
776000;-0.0325325;37.524;1.00087
777000;-0.0233232;37.524;1.00062
778000;-1.4283;37.524;1.03806
779000;-0.675089;37.524;1.01799
780000;-0.404631;37.524;1.01078
781000;-0.0239761;37.524;1.00064
782000;-0.0118003;37.524;1.00031
783000;-0.0514189;37.524;1.00137
784000;-0.0105668;37.524;1.00028
785000;-0.147029;37.524;1.00392
786000;-0.0257381;37.524;1.00069
787000;-0.0339217;37.524;1.0009
788000;-0.114106;37.524;1.00304
789000;-0.0415689;37.524;1.00111
790000;-0.0472402;37.524;1.00126
791000;-0.047213;37.524;1.00126
792000;-0.00848206;37.524;1.00023
793000;-0.0770123;37.524;1.00205
794000;-0.0179885;37.524;1.00048
795000;-0.0845025;37.524;1.00225
796000;-0.00883232;37.524;1.00024
797000;-0.0313876;37.524;1.00084
798000;-0.165223;37.524;1.0044
799000;-0.037883;37.524;1.00101
800000;-0.0516933;37.524;1.00138
801000;-0.0592639;37.524;1.00158
802000;-0.0727573;37.524;1.00194
803000;-0.0341735;37.524;1.00091
804000;-0.146104;37.524;1.00389
805000;-0.00951354;37.524;1.00025
806000;-0.0142846;37.524;1.00038
807000;-0.0443986;37.524;1.00118
808000;-1.43626;37.524;1.03828
809000;-0.0180405;37.524;1.00048
810000;-0.0300516;37.524;1.0008
811000;-0.032806;37.524;1.00087
812000;-0.0497302;37.524;1.00133
813000;-0.0331102;37.524;1.00088
814000;-0.0168491;37.524;1.00045
815000;-0.0369694;37.524;1.00099
816000;-5.23665;37.524;1.13955
817000;-0.0387106;37.524;1.00103
818000;-0.449173;37.524;1.01197
819000;-3.20309;37.524;1.08536
820000;-0.0220457;37.524;1.00059
821000;-0.0332208;37.524;1.00089
822000;-0.0146449;37.524;1.00039
823000;-0.0825258;37.524;1.0022
824000;-0.077163;37.524;1.00206
825000;-0.061211;37.524;1.00163
826000;-0.0106834;37.524;1.00028
827000;-0.022304;37.524;1.00059
828000;-0.0490334;37.524;1.00131
829000;-0.139463;37.524;1.00372
830000;-0.103262;37.524;1.00275
831000;-2.10343;37.524;1.05606
832000;-0.100266;37.524;1.00267
833000;-0.00766129;37.524;1.0002
834000;-0.0339311;37.524;1.0009
835000;-0.0141194;37.524;1.00038
836000;-0.0972468;37.524;1.00259
837000;-0.0763375;37.524;1.00203
838000;-1.46789;37.524;1.03912
839000;-0.0103842;37.524;1.00028
840000;-0.0605414;37.524;1.00161
841000;-0.0568281;37.524;1.00151
842000;-0.26331;37.524;1.00702
843000;-0.020525;37.524;1.00055
844000;-0.16067;37.524;1.00428
845000;-0.0544215;37.524;1.00145
846000;-19.4229;37.524;1.51761
847000;-0.0147742;37.524;1.00039
848000;-0.138274;37.524;1.00368
849000;-0.0203497;37.524;1.00054
850000;-0.0115465;37.524;1.00031
851000;-0.038002;37.524;1.00101
852000;-0.0503147;37.524;1.00134
853000;-0.0836665;37.524;1.00223
854000;-0.0214694;37.524;1.00057
855000;-0.0150066;37.524;1.0004
856000;-0.0136719;37.524;1.00036
857000;-0.0353363;37.524;1.00094
858000;-0.150451;37.524;1.00401
859000;-0.0537858;37.524;1.00143
860000;-0.11982;37.524;1.00319
861000;-0.321187;37.524;1.00856
862000;-0.0129066;37.524;1.00034
863000;-0.166594;37.524;1.00444
864000;-0.117813;37.524;1.00314
865000;-0.0562424;37.524;1.0015
866000;-0.251063;37.524;1.00669
867000;-0.0476003;37.524;1.00127
868000;-0.476849;37.524;1.01271
869000;-0.135726;37.524;1.00362
870000;-0.047307;37.524;1.00126
871000;-0.0151409;37.524;1.0004
872000;-0.0345299;37.524;1.00092
873000;-0.0642822;37.524;1.00171
874000;-0.0197898;37.524;1.00053
875000;-0.174374;37.524;1.00465
876000;-0.188579;37.524;1.00503
877000;-7.67051;37.524;1.20442
878000;-0.0484957;37.524;1.00129
879000;-0.05321;37.524;1.00142
880000;-0.0249626;37.524;1.00067
881000;-0.0960448;37.524;1.00256
882000;-0.0535514;37.524;1.00143
883000;-0.0201236;37.524;1.00054
884000;-0.024143;37.524;1.00064
885000;-0.751611;37.524;1.02003
886000;-0.314217;37.524;1.00837
887000;-0.0462758;37.524;1.00123
888000;-0.19825;37.524;1.00528
889000;-0.0382149;37.524;1.00102
890000;-0.0541052;37.524;1.00144
891000;-0.0134477;37.524;1.00036
892000;-0.0798036;37.524;1.00213
893000;-0.0565534;37.524;1.00151
894000;-0.346152;37.524;1.00922
895000;-0.0347075;37.524;1.00092
896000;-0.0369301;37.524;1.00098
897000;-0.049968;37.524;1.00133
898000;-0.194691;37.524;1.00519
899000;-0.0456132;37.524;1.00122
900000;-0.0161922;37.524;1.00043
901000;-0.0929984;37.524;1.00248
902000;-0.131052;37.524;1.00349
903000;-0.0535139;37.524;1.00143
904000;-0.0617059;37.524;1.00164
905000;-0.0341179;37.524;1.00091
906000;-0.0195218;37.524;1.00052
907000;-0.0136125;37.524;1.00036
908000;-0.0429949;37.524;1.00115
909000;-0.652484;37.524;1.01739
910000;-0.032131;37.524;1.00086
911000;-3.51242;37.524;1.0936
912000;-0.0676848;37.524;1.0018
913000;-0.0327624;37.524;1.00087
914000;-0.00940998;37.524;1.00025
915000;-0.0936754;37.524;1.0025
916000;-0.0385819;37.524;1.00103
917000;-0.0132467;37.524;1.00035
918000;-0.0247588;37.524;1.00066
919000;-0.319812;37.524;1.00852
920000;-0.139845;37.524;1.00373
921000;-0.0289771;37.524;1.00077
922000;-0.0452633;37.524;1.00121
923000;-0.0439917;37.524;1.00117
924000;-0.981265;37.524;1.02615
925000;-0.0293171;37.524;1.00078
926000;-0.0574277;37.524;1.00153
927000;-0.0177937;37.524;1.00047
928000;-0.0266382;37.524;1.00071
929000;-0.202607;37.524;1.0054
930000;-0.23592;37.524;1.00629
931000;-0.0142851;37.524;1.00038
932000;-0.913869;37.524;1.02435
933000;-0.109602;37.524;1.00292
934000;-0.454362;37.524;1.01211
935000;-0.0575173;37.524;1.00153
936000;-0.0157076;37.524;1.00042
937000;-0.108782;37.524;1.0029
938000;-0.0247537;37.524;1.00066
939000;-0.0152566;37.524;1.00041
940000;-0.0169313;37.524;1.00045
941000;-0.126186;37.524;1.00336
942000;-0.0219089;37.524;1.00058
943000;-0.0847063;37.524;1.00226
944000;-0.0694925;37.524;1.00185
945000;-0.0279889;37.524;1.00075
946000;-0.0149942;37.524;1.0004
947000;-0.182429;37.524;1.00486
948000;-0.0371666;37.524;1.00099
949000;-0.0297112;37.524;1.00079
950000;-0.0542403;37.524;1.00145
951000;-0.199715;37.524;1.00532
952000;-0.0892843;37.524;1.00238
953000;-0.0422976;37.524;1.00113
954000;-0.115672;37.524;1.00308
955000;-0.0558397;37.524;1.00149
956000;-0.0243644;37.524;1.00065
957000;-0.0549076;37.524;1.00146
958000;-0.0171695;37.524;1.00046
959000;-0.270972;37.524;1.00722
960000;-0.0261892;37.524;1.0007
961000;-0.38153;37.524;1.01017
962000;-0.0260493;37.524;1.00069
963000;-0.245703;37.524;1.00655
964000;-0.0290084;37.524;1.00077
965000;-28.3781;37.524;1.75626
966000;-0.0456686;37.524;1.00122
967000;-0.0214493;37.524;1.00057
968000;-0.0667988;37.524;1.00178
969000;-0.030576;37.524;1.00081
970000;-0.0429243;37.524;1.00114
971000;-0.0299045;37.524;1.0008
972000;-1.11444;37.524;1.0297
973000;-0.0361357;37.524;1.00096
974000;-0.0349512;37.524;1.00093
975000;-0.15602;37.524;1.00416
976000;-0.0312347;37.524;1.00083
977000;-0.0835656;37.524;1.00223
978000;-0.0464957;37.524;1.00124
979000;-0.180501;37.524;1.00481
980000;-0.267764;37.524;1.00714
981000;-0.0415289;37.524;1.00111
982000;-0.0156995;37.524;1.00042
983000;-0.0412283;37.524;1.0011
984000;-0.569944;37.524;1.01519
985000;-0.254446;37.524;1.00678
986000;-0.0228244;37.524;1.00061
987000;-0.332384;37.524;1.00886
988000;-0.052132;37.524;1.00139
989000;-0.0289721;37.524;1.00077
990000;-0.0589167;37.524;1.00157
991000;-1.34277;37.524;1.03578
992000;-0.0484253;37.524;1.00129
993000;-0.144229;37.524;1.00384
994000;-0.0417286;37.524;1.00111
995000;-0.0357882;37.524;1.00095
996000;-0.0856632;37.524;1.00228
997000;-0.0222664;37.524;1.00059
998000;-0.108043;37.524;1.00288
999000;-0.0886799;37.524;1.00236
1000000;-0.0563893;37.524;1.0015
