Run;Delta_PW;Delta_PW_Ant;Delta_PW_Ant_CV
0;0.581891;0.590477;5.22204
1;0.584138;0.588223;5.21547
2;0.585353;0.590029;5.22952
3;0.584834;0.5914;5.22553
4;0.588202;0.59064;5.22197
5;0.589659;0.589373;5.23924
6;0.591992;0.589183;5.21515
7;0.596519;0.591295;5.23988
8;0.584123;0.58937;5.21535
9;0.58652;0.588023;5.21774
10;0.593381;0.589461;5.2241
11;0.589171;0.590159;5.22601
12;0.592958;0.591089;5.2172
13;0.588225;0.591043;5.2311
14;0.593697;0.591193;5.20967
15;0.591748;0.59017;5.20256
16;0.586053;0.589702;5.21467
17;0.588691;0.589411;5.22246
18;0.592476;0.589975;5.21869
19;0.596086;0.589485;5.23735
20;0.592091;0.589785;5.21919
21;0.592796;0.589979;5.20943
22;0.593382;0.59012;5.21881
23;0.592487;0.590527;5.21765
24;0.592088;0.590567;5.21564
25;0.58671;0.589085;5.22925
26;0.590965;0.589959;5.22325
27;0.590862;0.589298;5.22009
28;0.584044;0.590817;5.24242
29;0.592175;0.5923;5.22309
30;0.591857;0.590585;5.20258
31;0.588842;0.592;5.22906
32;0.587226;0.59179;5.21752
33;0.589971;0.589756;5.23225
34;0.588278;0.590653;5.21677
35;0.587914;0.590575;5.23594
36;0.590362;0.59244;5.22512
37;0.588588;0.590565;5.24707
38;0.603935;0.588101;5.21522
39;0.588814;0.590229;5.22651
40;0.587868;0.590239;5.22539
41;0.587398;0.59064;5.23099
42;0.589978;0.589282;5.21911
43;0.586095;0.588501;5.23303
44;0.585342;0.58992;5.22202
45;0.592739;0.590507;5.23471
46;0.594799;0.589904;5.21997
47;0.597342;0.590932;5.22659
48;0.592667;0.589951;5.21476
49;0.592139;0.589392;5.23385
50;0.591577;0.591486;5.22339
51;0.580494;0.590537;5.21997
52;0.586284;0.590733;5.21838
53;0.597247;0.590201;5.21684
54;0.58558;0.590893;5.24001
55;0.587075;0.591648;5.21602
56;0.588537;0.589184;5.22011
57;0.588475;0.588898;5.22147
58;0.587974;0.589031;5.22157
59;0.593863;0.590638;5.21574
60;0.586857;0.589468;5.22464
61;0.586549;0.590441;5.23418
62;0.590718;0.591635;5.22755
63;0.591034;0.589014;5.21219
64;0.588016;0.589429;5.22676
65;0.584816;0.589697;5.21336
66;0.588875;0.588598;5.22043
67;0.589188;0.589422;5.21972
68;0.5926;0.590833;5.22986
69;0.59959;0.590585;5.21358
70;0.587992;0.588371;5.22484
71;0.590256;0.5893;5.22547
72;0.592275;0.589531;5.22417
73;0.587728;0.588782;5.23485
74;0.590299;0.591923;5.21761
75;0.590432;0.589502;5.22721
76;0.5843;0.590637;5.22945
77;0.586989;0.590807;5.23534
78;0.5873;0.59072;5.21711
79;0.581552;0.590609;5.23746
80;0.593312;0.591233;5.21598
81;0.584511;0.590363;5.20982
82;0.5936;0.590541;5.21375
83;0.596779;0.589638;5.22036
84;0.589935;0.590304;5.22507
85;0.589801;0.590504;5.21494
86;0.594885;0.590123;5.23142
87;0.589038;0.590133;5.23128
88;0.592628;0.589372;5.23634
89;0.590054;0.589141;5.21284
90;0.593292;0.589116;5.22401
91;0.587655;0.589577;5.22535
92;0.589488;0.590857;5.23697
93;0.591264;0.590089;5.21552
94;0.595144;0.591278;5.22994
95;0.588613;0.590796;5.24134
96;0.589459;0.590377;5.22931
97;0.598033;0.592531;5.21708
98;0.598113;0.589841;5.21629
99;0.585345;0.591089;5.22284
100;0.591567;0.591354;5.21262
101;0.585016;0.590248;5.21631
102;0.593593;0.590355;5.22286
103;0.592919;0.593229;5.22961
104;0.587881;0.586964;5.22117
105;0.588275;0.59005;5.2224
106;0.5868;0.589085;5.21357
107;0.58873;0.588778;5.22063
108;0.594573;0.589237;5.20321
109;0.602477;0.589364;5.22121
110;0.585443;0.589246;5.22376
111;0.594652;0.591393;5.21871
112;0.588766;0.588629;5.21499
113;0.586483;0.589231;5.23268
114;0.590179;0.587653;5.21893
115;0.597718;0.590291;5.2119
116;0.589173;0.591726;5.23408
117;0.592207;0.590265;5.23262
118;0.593068;0.589678;5.2433
119;0.591878;0.588976;5.24025
120;0.585712;0.590864;5.22567
121;0.588441;0.590277;5.22455
122;0.586439;0.591506;5.22235
123;0.594119;0.590111;5.22472
124;0.580953;0.590596;5.22255
125;0.599137;0.590692;5.23533
126;0.589712;0.589971;5.22607
127;0.59419;0.59012;5.22108
128;0.591651;0.588851;5.2257
129;0.584889;0.59109;5.21014
130;0.59126;0.589471;5.21883
131;0.592246;0.589151;5.21167
132;0.595006;0.591458;5.22225
133;0.593612;0.590524;5.21539
134;0.588704;0.588519;5.23623
135;0.589313;0.589794;5.2218
136;0.590639;0.590718;5.21593
137;0.587419;0.590696;5.21314
138;0.583599;0.591221;5.22168
139;0.593356;0.591208;5.22878
140;0.590421;0.590628;5.22535
141;0.597985;0.589101;5.23564
142;0.584593;0.58981;5.22166
143;0.595032;0.591163;5.23406
144;0.594208;0.591583;5.21676
145;0.586341;0.592174;5.22629
146;0.593355;0.589937;5.2083
147;0.593313;0.590456;5.2258
148;0.581097;0.590354;5.22717
149;0.591992;0.590576;5.23607
150;0.586698;0.590459;5.23202
151;0.582833;0.588513;5.21832
152;0.595183;0.59063;5.23433
153;0.586313;0.589227;5.23029
154;0.591059;0.589176;5.23392
155;0.584203;0.590655;5.21763
156;0.588432;0.590242;5.22967
157;0.592365;0.589377;5.22799
158;0.592785;0.589644;5.22531
159;0.587976;0.590328;5.21398
160;0.587962;0.588799;5.23
161;0.589767;0.590117;5.2417
162;0.58829;0.589853;5.24369
163;0.594456;0.590234;5.23077
164;0.594961;0.590139;5.22219
165;0.58741;0.58936;5.22879
166;0.590204;0.591214;5.22323
167;0.592907;0.592219;5.22985
168;0.591767;0.593424;5.2302
169;0.591976;0.588824;5.23232
170;0.591448;0.590382;5.225
171;0.59269;0.590823;5.21608
172;0.589916;0.589833;5.22182
173;0.590257;0.589302;5.22306
174;0.59264;0.590443;5.2188
175;0.591208;0.589839;5.2236
176;0.587555;0.591308;5.23342
177;0.592433;0.589223;5.22219
178;0.586013;0.590858;5.21164
179;0.589338;0.589119;5.21951
180;0.592893;0.591004;5.22231
181;0.585925;0.591479;5.22904
182;0.586404;0.589226;5.23654
183;0.587577;0.591198;5.21347
184;0.593621;0.589734;5.22864
185;0.584625;0.589718;5.23946
186;0.58526;0.590142;5.21699
187;0.582357;0.590922;5.23299
188;0.591902;0.590567;5.22412
189;0.594183;0.59025;5.21314
190;0.58878;0.58968;5.2271
191;0.585032;0.59122;5.21924
192;0.586084;0.590005;5.22854
193;0.588414;0.589612;5.21241
194;0.592176;0.591635;5.20246
195;0.591439;0.590395;5.22487
196;0.591798;0.5934;5.22131
197;0.583143;0.588808;5.23566
198;0.591717;0.591202;5.21973
199;0.595539;0.590171;5.21244
200;0.585386;0.590257;5.22478
201;0.584531;0.589446;5.22495
202;0.591642;0.588286;5.22693
203;0.590472;0.591064;5.22835
204;0.585761;0.590902;5.23828
205;0.591504;0.588605;5.22398
206;0.593294;0.590032;5.23535
207;0.596174;0.590497;5.22325
208;0.594709;0.588088;5.2159
209;0.593886;0.589881;5.22125
210;0.584391;0.588685;5.22359
211;0.594956;0.590245;5.22208
212;0.584874;0.589461;5.23251
213;0.59632;0.590002;5.22473
214;0.588944;0.589904;5.22456
215;0.58939;0.590675;5.22651
216;0.587856;0.589146;5.23222
217;0.590871;0.590313;5.21245
218;0.589129;0.589952;5.2275
219;0.59612;0.588124;5.22582
220;0.590305;0.591249;5.24015
221;0.591741;0.590401;5.22241
222;0.583365;0.589953;5.20799
223;0.58259;0.590151;5.22316
224;0.593138;0.590251;5.22174
225;0.592064;0.59044;5.23536
226;0.594499;0.589109;5.22882
227;0.590562;0.589182;5.21798
228;0.589727;0.588644;5.22128
229;0.589549;0.589424;5.22837
230;0.591188;0.590174;5.2406
231;0.588692;0.590613;5.25405
232;0.589937;0.590395;5.22757
233;0.588201;0.588597;5.21051
234;0.597775;0.589328;5.22502
235;0.596042;0.590383;5.22991
236;0.584213;0.588614;5.22286
237;0.590597;0.590114;5.23451
238;0.586989;0.589541;5.22319
239;0.595696;0.589165;5.21534
240;0.593177;0.59291;5.23191
241;0.593617;0.590053;5.21834
242;0.586222;0.588484;5.23549
243;0.591369;0.589992;5.21819
244;0.586018;0.589599;5.23038
245;0.592584;0.59113;5.23355
246;0.585448;0.589205;5.21172
247;0.58786;0.591497;5.23592
248;0.591586;0.591431;5.21867
249;0.58238;0.591073;5.22667
250;0.584997;0.591909;5.23472
251;0.58905;0.588564;5.22115
252;0.594958;0.58761;5.22598
253;0.584668;0.589338;5.23181
254;0.591646;0.59206;5.23899
255;0.592804;0.58993;5.21686
256;0.593377;0.590914;5.22282
257;0.589089;0.591418;5.23406
258;0.587069;0.590188;5.20928
259;0.590839;0.589502;5.22491
260;0.583834;0.590329;5.21609
261;0.589984;0.590558;5.2208
262;0.593116;0.590304;5.22936
263;0.585744;0.589529;5.23132
264;0.588993;0.591012;5.22804
265;0.589222;0.590893;5.21112
266;0.590173;0.592274;5.23067
267;0.590275;0.589874;5.22815
268;0.587264;0.591058;5.22781
269;0.593889;0.590626;5.22656
270;0.593868;0.590558;5.22714
271;0.595141;0.588435;5.21966
272;0.587389;0.589369;5.21869
273;0.587761;0.589315;5.22834
274;0.590054;0.590934;5.21959
275;0.590702;0.591014;5.24066
276;0.583636;0.591033;5.22258
277;0.590653;0.588495;5.20887
278;0.589419;0.590408;5.23578
279;0.587963;0.59074;5.21384
280;0.592773;0.588204;5.21622
281;0.584986;0.591238;5.22675
282;0.586514;0.588401;5.22907
283;0.59165;0.588478;5.22583
284;0.583365;0.590202;5.22471
285;0.596371;0.589873;5.23035
286;0.591974;0.589495;5.21627
287;0.595875;0.591667;5.22796
288;0.592326;0.588436;5.22182
289;0.592902;0.590075;5.20244
290;0.592145;0.589788;5.22945
291;0.588132;0.589871;5.22711
292;0.582372;0.589899;5.21913
293;0.588821;0.591565;5.23065
294;0.593425;0.590169;5.21395
295;0.590335;0.590895;5.22413
296;0.589125;0.589835;5.22273
297;0.593396;0.589747;5.23537
298;0.592543;0.59099;5.23222
299;0.59279;0.589198;5.2189
300;0.585873;0.591102;5.2342
301;0.593395;0.588359;5.21333
302;0.592325;0.590869;5.21896
303;0.589202;0.589418;5.24235
304;0.594081;0.591129;5.2046
305;0.595981;0.590691;5.21505
306;0.590421;0.589346;5.23297
307;0.588349;0.589347;5.22219
308;0.586581;0.589626;5.222
309;0.587915;0.591609;5.2267
310;0.588358;0.588721;5.22545
311;0.587739;0.589544;5.22782
312;0.592529;0.588141;5.23495
313;0.589299;0.5917;5.21863
314;0.587681;0.589492;5.215
315;0.592669;0.589728;5.23563
316;0.592344;0.590561;5.22806
317;0.581597;0.588915;5.23083
318;0.592951;0.590642;5.22412
319;0.592212;0.587739;5.20144
320;0.595085;0.590498;5.2268
321;0.588403;0.589713;5.2151
322;0.592623;0.589091;5.22925
323;0.587722;0.589072;5.2368
324;0.586192;0.591255;5.22311
325;0.589732;0.590021;5.21876
326;0.590716;0.589512;5.23687
327;0.585284;0.590125;5.22199
328;0.592217;0.590805;5.21729
329;0.590743;0.589499;5.22832
330;0.58524;0.59066;5.2364
331;0.595547;0.5886;5.23108
332;0.593029;0.591294;5.2283
333;0.593004;0.590243;5.23104
334;0.590994;0.590423;5.23753
335;0.587743;0.590491;5.22108
336;0.598716;0.590857;5.22262
337;0.59305;0.58988;5.22829
338;0.588146;0.592189;5.21967
339;0.584502;0.589482;5.21646
340;0.587975;0.590134;5.21719
341;0.596475;0.591527;5.22446
342;0.599492;0.589731;5.20904
343;0.595022;0.588174;5.22598
344;0.595307;0.590205;5.21826
345;0.591062;0.591389;5.22075
346;0.594886;0.587893;5.22089
347;0.590771;0.589949;5.22107
348;0.594123;0.590031;5.22424
349;0.592546;0.592788;5.21971
350;0.589947;0.591417;5.22083
351;0.590082;0.59094;5.23436
352;0.593218;0.592563;5.22751
353;0.597113;0.58991;5.22586
354;0.583351;0.592145;5.21976
355;0.592932;0.588621;5.23081
356;0.593516;0.592767;5.21638
357;0.593638;0.589859;5.21627
358;0.585466;0.590661;5.23085
359;0.590323;0.589913;5.22679
360;0.595873;0.590904;5.23001
361;0.595721;0.589474;5.23747
362;0.588865;0.589177;5.22255
363;0.590519;0.590587;5.21729
364;0.589903;0.590555;5.22606
365;0.583198;0.589067;5.23673
366;0.591543;0.590141;5.22758
367;0.592833;0.590732;5.2276
368;0.592296;0.590719;5.22202
369;0.587504;0.588857;5.21449
370;0.590968;0.588622;5.21896
371;0.588115;0.58821;5.2127
372;0.588908;0.591976;5.22227
373;0.587101;0.589824;5.22495
374;0.594096;0.591692;5.20453
375;0.585962;0.592796;5.22677
376;0.59602;0.589463;5.23087
377;0.586459;0.590548;5.21476
378;0.592298;0.592199;5.2262
379;0.590626;0.590043;5.23705
380;0.593846;0.591075;5.2233
381;0.590093;0.590902;5.21035
382;0.592545;0.589959;5.20555
383;0.589155;0.588357;5.24949
384;0.592465;0.589689;5.22435
385;0.588204;0.590435;5.22699
386;0.585723;0.590479;5.23044
387;0.590532;0.590479;5.22522
388;0.59128;0.591234;5.22853
389;0.587854;0.589624;5.21806
390;0.594896;0.58905;5.21624
391;0.58335;0.590374;5.234
392;0.58872;0.588735;5.21236
393;0.593358;0.58929;5.22676
394;0.589281;0.590024;5.2306
395;0.584008;0.590021;5.21079
396;0.591016;0.58942;5.22716
397;0.590591;0.591181;5.23557
398;0.586853;0.588407;5.22417
399;0.586447;0.592618;5.22205
