Run;Gamma_MC;Gamma_Antithetic
0;0.0177202;0.0187245
1;0.0182856;0.0185538
2;0.0181869;0.0203731
3;0.0184964;0.0199045
4;0.0181607;0.0188569
5;0.0180257;0.0187683
6;0.01773;0.0179336
7;0.0190474;0.0192269
8;0.0187862;0.0201479
9;0.0180086;0.0185693
10;0.0179057;0.019462
11;0.0187386;0.0176896
12;0.0176613;0.0184274
13;0.0183251;0.0186472
14;0.0188551;0.0174215
15;0.0184824;0.0193484
16;0.0190034;0.0185377
17;0.0186849;0.0179947
18;0.0182851;0.0189093
19;0.0177763;0.0196932
20;0.0176873;0.0179151
21;0.0185867;0.0184571
22;0.0179638;0.0185559
23;0.0195852;0.0186201
24;0.0180063;0.0187992
25;0.0185114;0.0188747
26;0.0190537;0.0187835
27;0.0182784;0.0178597
28;0.019051;0.0190571
29;0.01953;0.0179922
30;0.0193452;0.0173844
31;0.0188915;0.0172798
32;0.0187384;0.0182324
33;0.018834;0.0184185
34;0.0183913;0.0175526
35;0.0196639;0.0184587
36;0.0176267;0.0191929
37;0.0181979;0.0187289
38;0.0194301;0.0197978
39;0.0182249;0.0181468
40;0.0193333;0.0192078
41;0.0187958;0.01893
42;0.0186506;0.0179208
43;0.0172904;0.0182061
44;0.0192664;0.0184379
45;0.0179815;0.0192824
46;0.0185746;0.0196239
47;0.0182421;0.018516
48;0.0191247;0.0186695
49;0.0192737;0.018595
50;0.0183543;0.0170788
51;0.019202;0.0195094
52;0.0199974;0.0181102
53;0.0193704;0.0197486
54;0.0191968;0.0179924
55;0.0180874;0.0192392
56;0.0196355;0.0185399
57;0.020053;0.0187999
58;0.0192683;0.019386
59;0.0193582;0.0178891
60;0.0186216;0.0179144
61;0.0190977;0.0188187
62;0.0191254;0.0182553
63;0.0186604;0.0174484
64;0.019436;0.0197401
65;0.0190047;0.0181072
66;0.0177441;0.0198049
67;0.0182699;0.0186036
68;0.018088;0.0174429
69;0.0175604;0.0192766
70;0.0189513;0.0199515
71;0.0186008;0.0180674
72;0.020555;0.0183473
73;0.0199241;0.0175395
74;0.019788;0.0178794
75;0.0178228;0.0190906
76;0.0190507;0.0180176
77;0.0181499;0.0183435
78;0.0188781;0.018205
79;0.0194501;0.0192863
80;0.0191305;0.0182691
81;0.0197997;0.0189641
82;0.0180458;0.0201692
83;0.0187575;0.0185961
84;0.0193465;0.0202485
85;0.0183067;0.0212917
86;0.0183008;0.0191063
87;0.0193679;0.0187116
88;0.0194168;0.0194929
89;0.0184156;0.0190635
90;0.0197878;0.0194607
91;0.0192729;0.0185101
92;0.0186359;0.0190419
93;0.0185178;0.0189633
94;0.0190156;0.0190984
95;0.018327;0.0193973
96;0.0185309;0.0193729
97;0.018627;0.0190753
98;0.0201877;0.019082
99;0.0188857;0.0190403
100;0.0182893;0.0191715
101;0.0203792;0.0169737
102;0.0198751;0.0183356
103;0.0195942;0.0179147
104;0.0193229;0.0190436
105;0.0195283;0.0181819
106;0.0186809;0.0186559
107;0.0177427;0.0183844
108;0.0190703;0.0193306
109;0.0179525;0.0178575
110;0.0189752;0.0195826
111;0.0196316;0.0186895
112;0.0196031;0.0186001
113;0.0192161;0.018023
114;0.0186186;0.0176898
115;0.0182695;0.0180795
116;0.0193447;0.0192385
117;0.0196718;0.0191846
118;0.0205395;0.018728
119;0.018016;0.0200414
120;0.018021;0.0185198
121;0.0187615;0.0195116
122;0.0190032;0.0179005
123;0.0180411;0.018375
124;0.0191016;0.0189536
125;0.01801;0.0189371
126;0.0196436;0.0190305
127;0.0199565;0.0177021
128;0.0182942;0.0186057
129;0.0186617;0.0179845
130;0.0191869;0.0191716
131;0.0184261;0.0186711
132;0.0186031;0.0190371
133;0.0192246;0.0195768
134;0.0180921;0.0186949
135;0.0190036;0.018584
136;0.0189913;0.0190252
137;0.0186622;0.0191347
138;0.0187443;0.0195576
139;0.0183275;0.0173017
140;0.0190599;0.0193491
141;0.0180453;0.0192819
142;0.0168867;0.0176184
143;0.018341;0.0186293
144;0.0184234;0.019538
145;0.018788;0.0199067
146;0.018261;0.0186627
147;0.0185982;0.0185281
148;0.0183683;0.0178427
149;0.0186467;0.0205034
150;0.0188878;0.0200733
151;0.0185381;0.0184583
152;0.01887;0.0179663
153;0.0179856;0.0187151
154;0.0185381;0.01893
155;0.0192571;0.0174699
156;0.018721;0.0189598
157;0.0185281;0.0181779
158;0.0194472;0.0190079
159;0.019983;0.018493
160;0.0188916;0.0188418
161;0.0182013;0.0184418
162;0.0192307;0.0182485
163;0.0190131;0.0185193
164;0.0179269;0.0182942
165;0.0184244;0.0185776
166;0.0178785;0.0176219
167;0.0177352;0.0201303
168;0.0205437;0.0190959
169;0.0188303;0.0193875
170;0.019319;0.0188012
171;0.0193485;0.0173069
172;0.0178458;0.0170007
173;0.0174189;0.0194336
174;0.0197622;0.0187974
175;0.0188851;0.0182302
176;0.0199085;0.0183019
177;0.0182707;0.0178618
178;0.0182131;0.0177647
179;0.0182622;0.0192204
180;0.0198384;0.0185761
181;0.0201679;0.0190206
182;0.0198333;0.0183937
183;0.0185152;0.0187505
184;0.018999;0.016503
185;0.018853;0.0198803
186;0.0175953;0.0191706
187;0.0189225;0.0170377
188;0.0174427;0.0176157
189;0.0195457;0.0185135
190;0.0189584;0.0185827
191;0.0183654;0.0194114
192;0.0189023;0.019172
193;0.0189817;0.0190583
194;0.0185856;0.0180764
195;0.0191488;0.0174043
196;0.0180848;0.0182806
197;0.0187784;0.0181206
198;0.0185625;0.0188403
199;0.0179906;0.019201
200;0.018157;0.0191706
201;0.0186847;0.0179965
202;0.0182415;0.0190404
203;0.0186527;0.0202771
204;0.0188929;0.0194794
205;0.0205321;0.0195039
206;0.0177971;0.0189666
207;0.0182334;0.0184736
208;0.0194994;0.0189861
209;0.0189912;0.0180273
210;0.0210658;0.0187834
211;0.0197066;0.0175415
212;0.019014;0.0180738
213;0.0192336;0.0188931
214;0.018211;0.0182667
215;0.0193192;0.0187652
216;0.0184613;0.0191182
217;0.0183125;0.0188432
218;0.0197774;0.0191766
219;0.0186178;0.0177839
220;0.0189948;0.0179193
221;0.018415;0.0189588
222;0.0186015;0.0188053
223;0.0190573;0.0193901
224;0.0190842;0.0190091
225;0.0191619;0.0191247
226;0.0177449;0.0192014
227;0.0182073;0.0179737
228;0.0187842;0.0197802
229;0.0188798;0.0187374
230;0.0188529;0.0193781
231;0.0181767;0.0185355
232;0.0182851;0.0183988
233;0.0195659;0.0181063
234;0.0187687;0.0179028
235;0.0187225;0.0192493
236;0.0188578;0.0181243
237;0.017443;0.020178
238;0.0199407;0.0191736
239;0.0197131;0.0191071
240;0.0180375;0.017722
241;0.0172652;0.0188943
242;0.0177714;0.019186
243;0.0189859;0.0172812
244;0.0190417;0.0187785
245;0.0182209;0.0198866
246;0.0173024;0.0177342
247;0.0185332;0.0186021
248;0.0165875;0.0182565
249;0.0200578;0.0169511
250;0.0181011;0.0190202
251;0.0178973;0.0186376
252;0.0178348;0.0189997
253;0.0183234;0.0180778
254;0.0188011;0.0174457
255;0.0174567;0.0195859
256;0.0183622;0.0185011
257;0.018789;0.0181744
258;0.0190208;0.0192179
259;0.0183133;0.0196198
260;0.019584;0.0194536
261;0.0183761;0.0190243
262;0.0187416;0.0194182
263;0.0185588;0.018061
264;0.0183239;0.0186543
265;0.018319;0.0187539
266;0.0172717;0.0193937
267;0.017955;0.0190174
268;0.0195636;0.0199946
269;0.0193658;0.018755
270;0.019266;0.020201
271;0.0174436;0.0197396
272;0.0193509;0.0191414
273;0.0187488;0.0189535
274;0.0194689;0.0178756
275;0.018956;0.0198507
276;0.0182211;0.0185645
277;0.0184271;0.0172012
278;0.0175133;0.0205281
279;0.0189913;0.01895
280;0.0198646;0.0186075
281;0.018888;0.0180582
282;0.0197114;0.0205914
283;0.0178617;0.0183584
284;0.0180421;0.0180825
285;0.019079;0.0200613
286;0.0186939;0.0199961
287;0.0201147;0.0185887
288;0.019029;0.019304
289;0.0183568;0.0180932
290;0.0183188;0.0185111
291;0.020647;0.0196172
292;0.018116;0.0183472
293;0.0201443;0.0185294
294;0.0184947;0.0183192
295;0.0189986;0.0187498
296;0.0186889;0.0185619
297;0.0185425;0.0187648
298;0.0172807;0.0199935
299;0.0194208;0.0176017
300;0.0193693;0.0189422
301;0.0180615;0.0190929
302;0.0193325;0.0185265
303;0.0173516;0.0189523
304;0.0179935;0.0178877
305;0.0185418;0.018691
306;0.0189096;0.0189218
307;0.0200863;0.0200782
308;0.016917;0.0190884
309;0.0187436;0.0194607
310;0.0177464;0.0188787
311;0.0183177;0.0196206
312;0.0182492;0.0194592
313;0.0194346;0.0178296
314;0.0191357;0.0184744
315;0.0189795;0.0178951
316;0.0185958;0.0189383
317;0.0191644;0.0175912
318;0.0190501;0.0192869
319;0.0178947;0.0185454
320;0.0189316;0.019722
321;0.019011;0.0178864
322;0.0192896;0.0189472
323;0.0201416;0.0181663
324;0.018221;0.0183725
325;0.0182137;0.0205157
326;0.0194149;0.0193192
327;0.0188432;0.0185623
328;0.0194196;0.0184391
329;0.0179825;0.0203195
330;0.0187109;0.0188181
331;0.0191216;0.0185748
332;0.0194313;0.0189696
333;0.0171645;0.0187492
334;0.0187325;0.020074
335;0.0189308;0.0194523
336;0.017647;0.0191818
337;0.0187005;0.0182925
338;0.018986;0.019582
339;0.0180416;0.0189354
340;0.0200737;0.0169847
341;0.0192634;0.0180882
342;0.0188704;0.0193114
343;0.0202528;0.0174782
344;0.0204693;0.0194531
345;0.0185691;0.0184095
346;0.0177856;0.018588
347;0.0191986;0.0186939
348;0.0193344;0.018478
349;0.0189269;0.0196622
350;0.0188408;0.0187354
351;0.0194709;0.0186212
352;0.018508;0.0190347
353;0.0196782;0.0183386
354;0.0189814;0.0189133
355;0.0182284;0.0188276
356;0.0203427;0.0184676
357;0.0181756;0.0187642
358;0.0177946;0.0191349
359;0.0191016;0.0190191
360;0.0199445;0.0195212
361;0.0198106;0.0189059
362;0.0187805;0.0173898
363;0.0196237;0.0200798
364;0.0188954;0.0177959
365;0.017863;0.0186877
366;0.0189381;0.0179522
367;0.0187338;0.0199579
368;0.0191811;0.018329
369;0.0183841;0.0183273
370;0.0197833;0.0188305
371;0.0191482;0.0178234
372;0.0190304;0.0182632
373;0.01948;0.0189544
374;0.0183771;0.0188637
375;0.0186917;0.0191373
376;0.0196015;0.0175514
377;0.0186113;0.0186283
378;0.0183427;0.0183288
379;0.0181156;0.019528
380;0.0193159;0.0195097
381;0.0188059;0.0193691
382;0.0180928;0.0183945
383;0.0189987;0.0183085
384;0.0180977;0.0192284
385;0.0192179;0.018246
386;0.0195118;0.0193549
387;0.0178261;0.0188032
388;0.0206233;0.0201829
389;0.0191045;0.0196054
390;0.0197663;0.0191585
391;0.0189141;0.0194675
392;0.0191474;0.0192662
393;0.0195455;0.0188083
394;0.0191799;0.0184786
395;0.0185942;0.0174885
396;0.0171033;0.0185844
397;0.0187169;0.0191456
398;0.0191367;0.0192668
399;0.0191146;0.020159
400;0.0181458;0.0188554
401;0.0186726;0.0206044
402;0.0197206;0.017947
403;0.0187979;0.0183063
404;0.0177493;0.0181524
405;0.0201462;0.0183336
406;0.0188126;0.0195217
407;0.0180158;0.0203456
408;0.0173555;0.019316
409;0.0194074;0.0183441
410;0.0186757;0.0179369
411;0.0198444;0.0180299
412;0.018602;0.018492
413;0.0202932;0.0171077
414;0.0204242;0.0195888
415;0.0201118;0.0188999
416;0.0188566;0.0201793
417;0.0188906;0.0186322
418;0.0183564;0.0201245
419;0.0199953;0.0190895
420;0.0185625;0.0193308
421;0.0169898;0.0172823
422;0.0201676;0.0179081
423;0.0196098;0.0200392
424;0.0198658;0.0194014
425;0.0192128;0.0188247
426;0.0188661;0.0182314
427;0.0188432;0.0178274
428;0.0201311;0.0183567
429;0.0184331;0.0198002
430;0.0198083;0.018961
431;0.0188551;0.0198402
432;0.0191315;0.0187059
433;0.0184242;0.0187587
434;0.0180018;0.0197286
435;0.0190136;0.0196034
436;0.0193436;0.018406
437;0.01951;0.019048
438;0.0185798;0.0181334
439;0.0189573;0.0172053
440;0.0190187;0.0197162
441;0.018408;0.0189718
442;0.0192817;0.0193388
443;0.0168498;0.0191374
444;0.0198189;0.0186029
445;0.0180485;0.018798
446;0.0181596;0.0176009
447;0.0189448;0.0189983
448;0.0182572;0.0187573
449;0.0192459;0.0189804
450;0.0193759;0.0175976
451;0.018343;0.0193755
452;0.0185774;0.0189896
453;0.0186115;0.0190993
454;0.0193026;0.0186637
455;0.0198709;0.0186311
456;0.0189567;0.0192633
457;0.0183261;0.0192376
458;0.0177021;0.0195069
459;0.0193214;0.0182624
460;0.0180215;0.0192047
461;0.017706;0.0188234
462;0.0178381;0.0189531
463;0.0176733;0.0189085
464;0.0191422;0.0193749
465;0.018517;0.0198992
466;0.0181437;0.0185049
467;0.019225;0.0190501
468;0.0194064;0.0182724
469;0.0194148;0.0182073
470;0.0179281;0.0171665
471;0.0191603;0.0188083
472;0.0185943;0.0178424
473;0.0186288;0.0189405
474;0.0189183;0.0196632
475;0.0182761;0.0182634
476;0.0188378;0.0174243
477;0.0184334;0.0181275
478;0.0196957;0.0182939
479;0.0184024;0.0192073
480;0.0186514;0.0186549
481;0.018946;0.0192877
482;0.0191164;0.0189335
483;0.0184467;0.0203893
484;0.0185066;0.0189081
485;0.0196998;0.0181953
486;0.018349;0.0196448
487;0.0186647;0.0187431
488;0.0179714;0.0189216
489;0.0185093;0.0191832
490;0.0205574;0.0195045
491;0.0177831;0.0194709
492;0.0182828;0.0191905
493;0.0188746;0.0180683
494;0.0178868;0.018289
495;0.0195518;0.0197505
496;0.0186893;0.0186804
497;0.0181746;0.0187672
498;0.0185173;0.0200374
499;0.0196094;0.0187093
