Run;Gamma_MC;Gamma_Antithetic
0;0.0200972;0.0184091
1;0.01886;0.0210572
2;0.0193385;0.0182839
3;0.019517;0.0169956
4;0.0190422;0.0177944
5;0.0180641;0.0199716
6;0.0186456;0.0186795
7;0.0177445;0.0176054
8;0.0189258;0.0184902
9;0.0189861;0.0167242
10;0.0209397;0.0187096
11;0.0178929;0.0189069
12;0.0185077;0.0201957
13;0.019143;0.0176468
14;0.0176727;0.0194255
15;0.0186309;0.0182534
16;0.0172863;0.019698
17;0.0200554;0.0197969
18;0.0184185;0.0184826
19;0.0177202;0.018114
20;0.0189691;0.0195329
21;0.0169501;0.0185376
22;0.0176488;0.0179963
23;0.0185524;0.0180772
24;0.0176541;0.0190916
25;0.0170756;0.0198928
26;0.0175719;0.0182589
27;0.0192694;0.0180653
28;0.0178593;0.0180206
29;0.0183127;0.0184021
30;0.0192642;0.0196728
31;0.019009;0.0191957
32;0.0193783;0.0175309
33;0.0199701;0.0175266
34;0.0195045;0.0184978
35;0.0171174;0.0179223
36;0.0190801;0.0184128
37;0.0189942;0.0198973
38;0.0176485;0.0204803
39;0.0184233;0.0192387
40;0.018088;0.0190182
41;0.0179957;0.0199427
42;0.0190452;0.0190751
43;0.0183943;0.0186718
44;0.0197421;0.0178138
45;0.017676;0.0194148
46;0.017694;0.0202051
47;0.0194383;0.0188321
48;0.0197234;0.018738
49;0.0182123;0.0191984
50;0.0210872;0.0181882
51;0.0203147;0.0179111
52;0.0177118;0.019286
53;0.0179449;0.0191207
54;0.0172567;0.0188545
55;0.0189952;0.0185982
56;0.0193104;0.018598
57;0.0187629;0.0182115
58;0.0185669;0.0174965
59;0.0200526;0.0194159
60;0.0213949;0.0202877
61;0.0183411;0.0200065
62;0.0182322;0.0203632
63;0.019934;0.0203371
64;0.0187614;0.0188468
65;0.0184518;0.0195926
66;0.019532;0.0180573
67;0.0185093;0.0186963
68;0.0196703;0.0190025
69;0.0206962;0.0191145
70;0.0182041;0.0173509
71;0.0186741;0.0180737
72;0.0186016;0.0198609
73;0.0185418;0.0179653
74;0.0182764;0.0173265
75;0.0175075;0.0187142
76;0.0195004;0.0196682
77;0.01807;0.0177673
78;0.0188995;0.0192843
79;0.0183785;0.0186703
80;0.0184373;0.0193295
81;0.0201832;0.0165732
82;0.0180575;0.0178211
83;0.018414;0.0201874
84;0.0182727;0.0172564
85;0.0186667;0.0181822
86;0.0183277;0.0195062
87;0.0188465;0.0200825
88;0.0188217;0.0179777
89;0.0183654;0.0178721
90;0.0176415;0.0204365
91;0.0180622;0.0183648
92;0.0197155;0.0188968
93;0.0187785;0.0185346
94;0.0191096;0.0201293
95;0.0191864;0.0192634
96;0.018949;0.0204502
97;0.0182243;0.0168744
98;0.0185955;0.0181543
99;0.01862;0.0186247
100;0.0186571;0.0191655
101;0.0181202;0.0184579
102;0.0184636;0.0185191
103;0.0195164;0.0208055
104;0.020505;0.0186823
105;0.0177701;0.0195618
106;0.0182996;0.0189285
107;0.018762;0.0193331
108;0.0178165;0.0195551
109;0.0189766;0.0191327
110;0.0204568;0.0183921
111;0.019436;0.0200972
112;0.01783;0.0187801
113;0.0196956;0.0187545
114;0.0205436;0.0186277
115;0.0193809;0.0179833
116;0.0198114;0.0169664
117;0.0179114;0.0185898
118;0.0178167;0.020444
119;0.0180523;0.0183526
120;0.0183328;0.019755
121;0.0189978;0.0184721
122;0.0185452;0.0183226
123;0.0183994;0.0195153
124;0.0196299;0.0182076
125;0.0185183;0.0183886
126;0.0179685;0.0183571
127;0.0182351;0.0183884
128;0.0178494;0.01902
129;0.0179687;0.0184175
130;0.0173777;0.0183466
131;0.0192093;0.0201952
132;0.0186964;0.0201244
133;0.018541;0.0188862
134;0.0192005;0.0191036
135;0.0199053;0.0179296
136;0.0198331;0.0189107
137;0.0181197;0.0185298
138;0.0188969;0.0194666
139;0.0179315;0.0183058
140;0.0198044;0.0184067
141;0.0188371;0.019873
142;0.0172078;0.0189649
143;0.0182513;0.0184157
144;0.0194278;0.0187977
145;0.0178673;0.0189745
146;0.0188995;0.0174579
147;0.0180624;0.0191655
148;0.0167543;0.0187337
149;0.020014;0.0186556
150;0.0207035;0.0190305
151;0.0188185;0.0194441
152;0.0185225;0.019336
153;0.018289;0.0177717
154;0.0191378;0.0181025
155;0.0182523;0.0169452
156;0.0183954;0.0195559
157;0.0184735;0.0189513
158;0.0184125;0.0181702
159;0.0191926;0.0187125
160;0.0180425;0.019523
161;0.0199931;0.0206673
162;0.0180534;0.0194077
163;0.0182518;0.0199725
164;0.0193752;0.0183162
165;0.0183729;0.0173488
166;0.0189717;0.0191965
167;0.0182221;0.0201376
168;0.0188495;0.0186658
169;0.0191655;0.0183964
170;0.0181135;0.0183056
171;0.0201571;0.0176558
172;0.0181235;0.0188381
173;0.0191069;0.0183418
174;0.0187446;0.0197441
175;0.0178388;0.0177483
176;0.0187076;0.0190099
177;0.0182826;0.0185704
178;0.0187764;0.0192292
179;0.0195185;0.019631
180;0.0188575;0.0195415
181;0.0177011;0.0179306
182;0.0192163;0.0195862
183;0.017493;0.0194464
184;0.0197158;0.0179415
185;0.0212202;0.019279
186;0.0188613;0.0186428
187;0.0185866;0.0194229
188;0.0171225;0.0183108
189;0.018285;0.0181089
190;0.0190869;0.0191025
191;0.0194664;0.0199361
192;0.0187309;0.0189339
193;0.0190412;0.0189289
194;0.0165203;0.0180502
195;0.0186425;0.0190665
196;0.0180976;0.0205856
197;0.018297;0.0191971
198;0.0182646;0.0188503
199;0.0184482;0.0194108
200;0.0191547;0.0192596
201;0.0177342;0.0185882
202;0.0185295;0.0187577
203;0.0183732;0.018539
204;0.0180494;0.0181586
205;0.0197816;0.019167
206;0.0183827;0.019864
207;0.0172009;0.0201623
208;0.0185397;0.0197961
209;0.0176244;0.0189717
210;0.0188152;0.0197472
211;0.0179438;0.0191558
212;0.0169502;0.0200036
213;0.0188011;0.0179143
214;0.0196617;0.0183434
215;0.019623;0.0194931
216;0.0181881;0.0204557
217;0.0187305;0.017044
218;0.0188221;0.0185006
219;0.0188678;0.0178912
220;0.0185069;0.0177371
221;0.0179534;0.0180873
222;0.0187274;0.0199039
223;0.0170603;0.0200819
224;0.0186571;0.0188552
225;0.0201414;0.0183996
226;0.0188136;0.0177423
227;0.0192106;0.0189585
228;0.0192857;0.0196864
229;0.0190918;0.0204345
230;0.0192797;0.0199413
231;0.0189911;0.0170001
232;0.0190527;0.018468
233;0.0186627;0.0189247
234;0.0186224;0.0190129
235;0.0181208;0.0189174
236;0.0188676;0.0191082
237;0.0184132;0.0180452
238;0.0181597;0.0177834
239;0.0173288;0.017797
240;0.020144;0.0176544
241;0.0189215;0.0192679
242;0.0188515;0.0191547
243;0.0183304;0.0176136
244;0.01998;0.0169934
245;0.0192665;0.0183417
246;0.0175137;0.0181813
247;0.018724;0.0184324
248;0.0207838;0.0183603
249;0.0189255;0.0195775
250;0.0185466;0.0190949
251;0.0184672;0.0180287
252;0.0180137;0.01813
253;0.0183919;0.0181512
254;0.0207114;0.0174286
255;0.0179234;0.0184846
256;0.0179152;0.0192548
257;0.0189344;0.0188246
258;0.0187496;0.0197234
259;0.0187624;0.0189467
260;0.0186162;0.0184822
261;0.0194645;0.0193722
262;0.0196278;0.0185886
263;0.0187533;0.0193569
264;0.0179909;0.0195229
265;0.0192322;0.0189469
266;0.019002;0.0182972
267;0.0197842;0.0197736
268;0.0200286;0.0179495
269;0.0192967;0.0184126
270;0.0184303;0.018717
271;0.0192503;0.0194506
272;0.0181655;0.0169473
273;0.0190039;0.019166
274;0.0189555;0.0192723
275;0.0190532;0.0199333
276;0.019002;0.0171965
277;0.019781;0.0184399
278;0.0172659;0.0183786
279;0.019592;0.0193344
280;0.0187213;0.0183358
281;0.0175262;0.0197067
282;0.0190699;0.0176043
283;0.0182252;0.0181045
284;0.0195782;0.0190823
285;0.0205242;0.0192928
286;0.0180329;0.0188432
287;0.0187664;0.0181156
288;0.0175067;0.0186772
289;0.0184449;0.0192078
290;0.0184695;0.017576
291;0.0189512;0.0189401
292;0.0201274;0.0189345
293;0.0176936;0.0196687
294;0.0187334;0.016235
295;0.018866;0.0182011
296;0.0185827;0.020585
297;0.0192894;0.0190058
298;0.019013;0.0188511
299;0.0179405;0.0190492
