Run;Vega_MC;Vega_Antithetic
0;0.00296384;-0.00903697
1;-3.33402;-0.0260663
2;-0.000627952;-0.00496059
3;-0.00159572;-0.284134
4;-0.0289535;-0.012142
5;-0.000279843;-0.00979283
6;1.5939e-05;-0.013013
7;0.00164615;0
8;-0.0136561;-0.000871827
9;-0.0385434;-0.00989467
10;0.673516;-0.0102368
11;0.107214;-0.00134063
12;0.775455;0
13;-0.00581474;-0.000273003
14;0.169254;-0.0213725
15;-0.454314;-0.00956314
16;-0.000648877;-0.00657176
17;-0.0480682;-0.000566199
18;-0.172862;-0.0570346
19;-0.0408941;0
20;0.356154;-0.0286674
21;-0.117298;-0.465274
22;-0.00652084;-0.00558714
23;0.447944;-0.000110921
24;-0.000251559;-0.000320429
25;-0.0185788;-0.0851104
26;-0.0121354;-8.13507e-05
27;4.46252;-0.000194904
28;-0.0311451;-0.317463
29;0.000181727;-0.00107905
30;-1.15684;-0.00356212
31;-0.00316998;-0.000825802
32;-0.00154674;-0.00118732
33;-0.160573;-0.00205511
34;-0.000289943;-0.0467561
35;-0.000189277;-0.0352568
36;0.00339879;0
37;-7.30322e-05;-0.00170276
38;0.00426867;-0.000348135
39;-0.123113;-0.29806
40;0.0134443;-0.0138359
41;-0.00542924;-0.0039319
42;-0.000206796;-0.00582019
43;-0.00295743;-6.3932e-06
44;-0.627715;-0.0318766
45;-0.0285381;-0.0169194
46;-0.0276404;-0.00252608
47;0.000398358;0
48;-0.000426405;-0.00023111
49;-0.00163861;-0.00139245
50;0.00460215;-0.00143341
51;0;-0.005836
52;-0.0108488;-0.00737679
53;-9.61394e-05;-0.0121367
54;-0.00868124;-0.0261724
55;0.0424223;-0.134965
56;-7.51985;-0.0404739
57;0.000470878;-0.00949368
58;0.0203865;-0.00255836
59;-0.000319475;-0.00245568
60;0.0203879;-0.584674
61;0.0256713;-0.000523792
62;0.00105418;-0.00210435
63;-0.0463393;-0.00441463
64;-0.589125;-0.00977029
65;-0.238585;-0.0390324
66;-12.3616;-0.00255298
67;-0.00943698;-0.00289351
68;-0.155767;-0.0151128
69;-0.00063041;-0.000199839
70;0.00365754;-0.00127302
71;-2.99606;-0.00172018
72;0.0942298;-0.00753885
73;-0.00549908;-0.0035708
74;-0.00606732;-0.000784095
75;-0.0109804;-0.632401
76;-0.0234216;0
77;0.298455;-0.0185921
78;-0.0915359;-0.0144428
79;-0.103313;-0.0187787
80;0.14587;-0.0148564
81;0.000511329;-0.0658996
82;-0.00322378;-0.0157932
83;0.00312106;-0.000741813
84;-0.00397571;-0.000124541
85;-0.0150466;-0.000716097
86;-0.449655;-0.00193298
87;0.235485;-0.0120212
88;-0.00415743;-0.0136303
89;-0.0278932;-0.00504533
90;-0.00263419;-0.000825891
91;-0.0558981;-0.00171185
92;-0.00562717;-0.0192457
93;0.116626;-0.000152707
94;-0.030254;-0.041771
95;-0.549489;-0.00130668
96;0.00196333;-1.15197
97;-0.0290409;-0.00261209
98;0.00440092;-0.0101126
99;-0.000175553;-0.00204658
100;-0.0850161;-0.027568
101;0.0240301;-0.0179719
102;-0.273339;-0.0184585
103;-0.00254111;-0.0147874
104;-0.00445359;-0.0038921
105;0.0282756;-0.00558716
106;-0.105857;-0.00168288
107;0.000810113;-0.00497406
108;-0.0233238;-0.00379303
109;0.0151131;-0.00894245
110;2.16741e-05;-0.00253099
111;-0.0150788;-0.00205517
112;-0.0999945;-0.0103678
113;-0.0167351;-0.0158951
114;-0.00129684;-0.157619
115;0.0202665;-10.1032
116;0.00580992;-0.00165637
117;-0.154038;-0.0582792
118;0.00363973;-0.00063138
119;0.0113239;-0.000412151
120;-0.0293886;-0.00175576
121;-0.000254721;-0.000701435
122;-0.000171109;-0.0078717
123;-0.00568;-0.00298334
124;-0.00202869;-0.00761608
125;-0.0974485;-0.0368836
126;-0.00108405;-0.000444862
127;-0.00783253;-0.0163693
128;-0.0577039;-0.000492362
129;-0.0359542;-0.00115893
130;-0.0055597;-0.100408
131;0.165833;-0.0112836
132;-0.0759872;-0.00290962
133;-0.00588555;-0.00217093
134;-0.00122394;-0.00495147
135;-0.0153812;-0.0119859
136;0;-0.000877648
137;0.0203226;-0.000690932
138;0.169296;0
139;3.44371;-0.00251044
140;-0.029596;-0.00743967
141;-0.00404672;0
142;-0.00234515;-0.00335248
143;-0.163226;-0.0289365
144;0.0778928;0
145;0.000390067;-0.00125673
146;0.00178486;0
147;0.00144334;-0.00106509
148;0.0171665;-0.000230522
149;-0.00185873;0
150;-0.566426;-0.0012979
151;-0.0146275;-2.28164e-05
152;0;-33.3016
153;0.00274236;0
154;0.394017;-0.00427168
155;-0.362952;-0.00110793
156;-0.00781304;-0.000916872
157;-0.00255812;-0.00852994
158;-0.0381481;-0.0037714
159;-0.0101635;-0.000499912
160;-0.045025;-0.00485161
161;-0.0083416;-0.0020329
162;-0.370013;-0.00342192
163;-0.0109408;-0.00459131
164;-0.0746303;-0.0158329
165;-0.0082066;-3.39523
166;-1.13483;-0.0120886
167;-0.0132848;-0.000543493
168;-0.0101702;-0.00105455
169;0.000287343;-0.0115567
170;0.0477284;-0.000729091
171;0.320652;-0.0399599
172;0.322168;-1.98837
173;-0.000136089;-0.00163787
174;-0.0525039;-0.00878829
175;0.00110687;-0.0977652
176;-0.0114502;0
177;0.0107693;-0.00349872
178;-0.00478891;-0.00297054
179;-0.00969185;-0.00209174
180;-0.0138282;-0.0107554
181;-0.0743992;-0.0289321
182;-0.0073067;-0.00174781
183;-0.00100844;-0.00246155
184;-0.0111816;-0.055157
185;0.000462024;-0.00177174
186;-0.00167576;-0.000663801
187;-0.00572796;-0.00646055
188;0.0273262;-0.00475176
189;-0.119355;-0.0130994
190;-0.00494121;-0.0019384
191;0.0155227;-0.000245929
192;-0.00155717;-0.00124097
193;-0.000362868;-27.2208
194;0.000495086;-0.00357923
195;-0.00174799;-0.00169323
196;1.11386;-0.00240817
197;-0.211847;-0.00103457
198;-0.0116106;-0.00238899
199;-0.0117424;-0.00019395
200;-0.182291;0
201;-0.0718758;0
202;0.0166315;-0.00235868
203;-0.00499039;-0.0434025
204;0.0160253;-0.00290983
205;-0.0174526;-0.000774549
206;-0.00610249;0
207;0.00188426;-0.0360788
208;-0.0014679;-0.036427
209;-0.0174306;0
210;-0.00990496;-0.00268861
211;0.00615786;0
212;-1.18475e-05;-0.00506031
213;-0.238884;-0.00367106
214;1.19785;-0.00233009
215;0.00282761;0
216;-0.193993;-0.00041596
217;-0.00951255;-0.0247978
218;-0.0140593;-0.00608455
219;0.000416697;-0.00255048
220;0.0343883;0
221;-0.000958698;-0.563015
222;0.000403953;-0.0122194
223;-0.000500981;-0.00103671
224;0.00207606;-0.0115266
225;0.0515944;-0.00113557
226;-0.00296172;-0.00836854
227;-0.00599145;-0.0526163
228;0.0304469;-0.0239997
229;-0.00879042;-0.0147673
230;-0.00496838;-0.000347953
231;0.00158902;-0.066526
232;0.000789471;-0.0058849
233;0.0165829;-0.000997245
234;0.0261906;-0.00506624
235;-0.000353502;-0.0179936
236;-0.00960409;-0.0205656
237;0.0140201;-0.0530807
238;-0.00322761;-0.0336884
239;-0.0433867;-0.0420043
240;-1.31418;-0.00731115
241;0.00479146;-0.0120301
242;-0.0167677;-0.19553
243;-0.0121183;-0.00284487
244;-0.00352304;-0.0030127
245;-0.0203508;-0.0212373
246;-0.0259642;-0.264994
247;0.0254246;-0.0128763
248;-0.0117248;-0.00678886
249;-0.0101963;-0.00998626
250;-0.152314;-0.00726997
251;-0.0114563;-0.0180763
252;0.00599172;-0.0058973
253;0.0337567;-0.00381187
254;0;-0.00198928
255;-0.016183;-0.00130588
256;-0.0645233;0
257;-0.845136;0
258;-0.00206479;-0.0741972
259;0.0341933;-0.00267692
260;-0.0219389;-0.0129766
261;-0.0001501;-0.00771299
262;-0.0397835;-0.283128
263;-0.00139904;-0.000531844
264;-0.00373342;0
265;0.00721876;-4.68376e-06
266;-0.0118823;-0.0010323
267;0.00854898;-0.548689
268;0.00795628;-0.0172844
269;0;-0.00396208
270;-0.00152596;0
271;-0.00105852;-0.0862152
272;-0.00112887;-0.00801398
273;-0.259214;-0.00934198
274;-0.00041565;-0.00730351
275;0.00142873;-0.00067165
276;-0.0192358;-0.0403443
277;-0.000239551;-0.00184824
278;-0.267101;-0.00525431
279;-0.00656546;-0.000353624
280;-0.0103305;-0.00302519
281;-1.96369;-0.000604319
282;0.00578474;-0.0428113
283;0.0496372;-0.00228208
284;-0.00684763;-0.0100842
285;-0.00200242;-0.00814413
286;-0.00324705;-0.000369431
287;0.119966;-0.00371393
288;-0.00955498;-0.000185559
289;0.00293417;-0.00553784
290;-0.00846778;-0.000126418
291;-0.0362645;-0.112728
292;-0.00650608;-0.381525
293;0.00738113;-0.0014986
294;-0.00155165;-56.1939
295;0;-0.000357224
296;-0.00384024;-0.000220541
297;-44.2725;-0.00280437
298;-0.00223648;0
299;0.000560629;-0.00685855
300;0.000266737;-0.00633608
301;-0.0264261;-0.00965004
302;-0.077074;-8.28664e-06
303;-4.23955;-0.00225108
304;0.01505;0
305;0.0370146;-0.00100288
306;0.00187061;-0.000391061
307;-0.00951128;-0.00347804
308;0.00560765;-0.00112243
309;-0.410238;-0.00450159
310;-0.0298584;-0.0156776
311;0.0784842;-0.0496093
312;0.161463;-0.0410042
313;-0.0129105;-0.0374231
314;0.00134796;-0.00068391
315;0.0101852;-0.000480987
316;-0.003598;-0.00512457
317;-0.35452;-0.000296659
318;-0.0116106;-0.00410402
319;-0.0106089;-0.00753051
320;-0.0585271;-0.00770272
321;-0.000517896;-0.0077567
322;-5.30272;-0.00976621
323;-0.00982584;-0.0267059
324;-0.0106604;-0.00172931
325;-0.00445482;-0.0105318
326;0.00305215;0
327;-0.017655;0
328;-0.0134037;-0.0149671
329;0.0052763;-0.00626687
330;-0.0136122;-0.01389
331;0.00190056;-0.00120321
332;-0.0235128;-0.00115838
333;0.131272;-0.0141707
334;-0.00268047;-0.00875698
335;-0.0158076;-0.00991515
336;0;-0.00401347
337;-9.28378;-0.00161209
338;-0.0246966;-0.018216
339;-0.0500542;-0.0217171
340;0.0608581;-0.00836581
341;-0.00387862;-0.0084681
342;-0.00278948;-0.999103
343;-0.0432431;-0.000592743
344;-0.0158602;-0.0270333
345;-0.0892855;-1.54694e-05
346;0.030416;-0.00789961
347;-1.55305;-0.0294865
348;-0.00759127;-0.0141665
349;0.00237946;-0.000586042
350;-0.00334704;-0.0067502
351;-0.00733197;-0.00757016
352;-0.0307032;-0.000340269
353;-2.83015;-0.0381472
354;-0.0216368;-0.0237094
355;-0.000547492;-0.103936
356;0.000950494;-0.000464427
357;-4.47941e-05;-0.00204133
358;0.0571002;-0.00384477
359;-0.0634722;-0.00849018
360;-0.00310793;-0.00244086
361;-0.163151;-0.0136244
362;-0.250048;0
363;-0.00551316;-0.00277019
364;-0.00523338;-0.000564263
365;-0.00548602;-2.12703
366;-0.00204016;-0.59296
367;-0.00493072;-0.00110303
368;-0.00526646;-0.00183764
369;-0.00271874;-0.00466089
370;-0.00494813;-0.00867354
371;-8.94556e-05;-0.00609977
372;-0.000187817;-0.00116328
373;0.915576;-0.00128632
374;0.0885235;-0.000644166
375;0.0880244;-0.00256095
376;-0.00333521;-0.00362085
377;-0.00139321;-0.00702338
378;-0.000880374;-0.0906228
379;-0.00349159;-0.00964461
380;-0.00916534;-0.00917599
381;0.00234195;-0.000491097
382;-0.00569401;-0.0134175
383;0.0255799;-0.00052405
384;0.00816499;-0.00118328
385;-0.00194709;-0.00118677
386;-0.00498335;-0.0178603
387;0.000524008;-0.00375353
388;-0.0238106;-0.0944885
389;0.000858931;-0.00583428
390;-0.0114786;-0.00429537
391;-3.29308;-0.0136314
392;-0.00103492;-0.00478348
393;0.00105555;-0.00114402
394;-0.00185912;-0.00361681
395;-0.0119064;-0.0104435
396;-0.111439;-0.00415955
397;-0.0139399;-0.00523899
398;-0.0149229;-1.62511
399;-0.0522131;-0.0523895
400;-0.00499184;0
401;0.00017956;-0.00194971
402;-0.0922442;-5.20406e-05
403;-0.0782866;-0.00843377
404;0.00636871;0
405;0.0037927;-0.0485298
406;-0.00250854;-0.00335575
407;-6.45029e-05;-0.282677
408;0.000861849;-0.0148583
409;-0.0143416;-0.00287446
410;-0.00590218;-0.00166094
411;1.50331;-0.0272826
412;0;-0.000932614
413;0.0311634;-0.00293758
414;-0.0118066;-8.67592e-05
415;-0.00415093;-0.00217979
416;-0.0315264;-0.000848787
417;0.00142762;-0.00156695
418;-0.00105398;-0.0116057
419;-0.0673072;-0.983141
420;0.00761826;-0.00092761
421;-0.0533498;-0.00397506
422;-0.139436;-0.0118634
423;-0.0305084;-0.00531896
424;-0.0289101;-0.0116392
425;0.0620209;-0.038749
426;-0.00702634;-0.238926
427;0.000510028;-0.0527904
428;0.0102775;-0.249232
429;-0.000612839;-0.000383213
430;-0.00767536;0
431;14.2364;-0.0031012
432;-0.0029147;-0.000538782
433;0.116263;-0.00169584
434;-0.015205;-0.0462869
435;0.000983018;-0.00352114
436;0.000600863;-0.0167852
437;0.0318822;-0.0438552
438;0.00537838;-0.102999
439;3.24084e-05;-0.00750232
440;0.00173381;-2.90229
441;0.00455498;-0.000345391
442;-0.00106614;-0.110932
443;-0.00340093;-0.00322767
444;-0.022747;-0.00684594
445;-0.15775;-0.00617535
446;-0.0182153;-0.00545446
447;0.00345491;-0.00117034
448;-0.000815084;-0.0143421
449;-0.0272399;-0.00380398
450;-0.00264714;-0.0076834
451;0.046138;-0.00132925
452;-0.006075;-0.00191801
453;-0.0118788;-0.29579
454;-0.00199517;-0.60829
455;0.00103944;-0.000545107
456;2.44119;-0.00440763
457;0.00295248;-0.0040528
458;0.00405956;-0.00470579
459;-0.00297566;-0.00351303
460;-0.515606;-0.00216031
461;-1.64556;-0.000345421
462;0.269312;0
463;0.0187828;-0.00442238
464;-0.00204249;-0.000402189
465;-0.00244599;-0.0192416
466;-0.0677315;0
467;-0.0138196;-0.02327
468;-0.000619439;-0.000451046
469;0.00604561;-0.203631
470;0.0989101;-0.00028534
471;0.000129751;-0.285615
472;-1.00913;-0.000314111
473;0.00104073;-0.00560925
474;0.000538755;-0.00241926
475;0.243134;-9.04573e-05
476;0.00133102;-0.000904444
477;-0.000787041;-0.00410999
478;0.00117345;-0.000796979
479;0.0812704;-0.000592689
480;-0.0475769;-0.00290693
481;0.00434584;-0.00287609
482;-4.84503;-0.000883315
483;-0.00852813;0
484;-0.0336956;-0.00412462
485;-0.00395328;-0.00290878
486;0.000292263;-0.000227841
487;-0.00109576;-0.00232567
488;-0.000258653;-0.0162442
489;0.0828906;-0.000626994
490;-0.0300658;-0.0117607
491;0.0736129;-0.000566437
492;0.00328513;-0.000656256
493;-0.00346119;-0.00542218
494;-0.234964;-0.00773475
495;-0.00200528;-0.0178142
496;-0.000188171;-0.272497
497;0.00165522;-0.0201713
498;0.00275379;-0.0014643
499;0.0177033;-0.00418264
