Run;Vega_MC;Vega_Antithetic
0;0;-0.160041
1;-0.00321422;-0.001995
2;-0.00539595;-0.0147946
3;-0.0132262;0
4;-0.00588838;-0.00797722
5;0.17316;0
6;0;0
7;0.000114052;0
8;-0.299869;-0.000609105
9;0;-0.000774068
10;0.0002923;-0.00173215
11;0.000641899;-0.00583782
12;-0.0109484;-0.0125262
13;-0.000589384;-0.00164297
14;0.000153989;-0.0029802
15;0;-0.0033018
16;0.0136641;-0.12229
17;0.00206822;-0.0161051
18;0.270326;-0.00092546
19;0.00358597;-1.80173e-05
20;0;-0.0025552
21;-0.0238961;-0.0111435
22;-0.00294446;-0.000226475
23;-0.00381302;-0.043371
24;-4.1419e-05;-0.0263833
25;0;-0.0838124
26;-0.00204637;-0.000604481
27;-0.0327954;-0.0126804
28;0.00646777;-0.0365545
29;0.00349773;0
30;-0.000269425;-0.168571
31;0.0290411;-0.00606353
32;-0.0131129;-0.0282154
33;0.00191676;-0.00197832
34;-0.0456861;-0.00496143
35;-0.0213117;-0.00995312
36;-0.00178259;-0.00733022
37;-3.06356;-0.0184489
38;-0.146665;-0.00401985
39;0.00642963;-0.0106469
40;-0.00777169;-0.43833
41;4.03248e-05;0
42;-0.00709432;-0.0109013
43;0.000758009;-0.0102721
44;-0.0646658;-0.000301171
45;0;-0.000230009
46;-0.000674443;-0.00195897
47;-0.00855193;-0.00279082
48;-0.00189192;-0.0830212
49;-0.00120862;-0.0662337
50;-0.00172115;-0.0027798
51;0.00127577;-0.292165
52;0.00134293;-1.17377e-05
53;-0.0199766;-0.0588397
54;-0.000712373;0
55;0.00317165;-0.0123749
56;-0.0187958;-0.0440909
57;-0.087394;-0.0045754
58;-0.0036409;-0.00390127
59;0;-0.000620012
60;0.0137042;-0.00437228
61;-0.0138848;-0.0256284
62;0;-0.00888247
63;-0.00778892;-0.223239
64;-0.00256535;-0.00247118
65;-0.000701237;-0.0038925
66;13.4819;-0.0126537
67;0;-0.0168135
68;-0.0244342;-3.86416e-05
69;-0.000891181;-0.00532346
70;-1.3739;-0.0131113
71;0.980802;-0.000716658
72;-0.014643;-0.00567526
73;0.058163;0
74;-0.000383922;-0.0036129
75;-0.0019595;-0.00506098
76;-0.0030895;-0.00212072
77;0.989977;-0.00956969
78;-0.00305886;-0.429319
79;0.0134669;0
80;-0.0805793;0
81;-0.0131378;-0.00262658
82;0.0025109;-0.0024887
83;0.131498;-0.0341992
84;-0.0578598;-0.187907
85;-0.000450073;-0.00529819
86;0.0218661;-0.00625786
87;-0.00281978;-0.0110386
88;-0.0574754;-0.00333332
89;0;-0.00360292
90;0.00327257;0
91;-0.00814648;-0.00757634
92;-0.0010258;-6.782e-05
93;-0.00560589;-0.0158232
94;0.000118912;0
95;-0.0367542;-0.00501975
96;-0.00492317;-0.00848602
97;-0.00393071;-0.0043248
98;0;-0.000263187
99;-0.00037039;0
100;0.014469;-0.00589811
101;-0.0608301;-0.0250454
102;-0.104181;0
103;-0.00114264;0
104;-0.00114581;-5.17876e-05
105;0.00646746;-0.0214793
106;0.00324622;-0.0316163
107;0.00461386;-0.165747
108;-0.00222966;-0.00392306
109;0.0652698;-0.00264936
110;-0.0760337;-0.0243041
111;0.0263924;-0.0207242
112;0.000190449;-0.00740593
113;-0.000189015;-0.00351229
114;0.00106955;-0.00389869
115;0.113904;0
116;0.0124018;-0.000153071
117;-0.000208265;-0.0502362
118;-0.0545325;-0.00138604
119;0.00436222;-0.000119573
120;-0.00154073;-0.000203097
121;-0.00205764;-0.00561272
122;-0.000216399;-0.000492235
123;0.000719377;-0.972049
124;-0.0038436;0
125;0.00371543;-0.00160985
126;-0.000148999;-0.000587614
127;-0.0012047;-0.00124344
128;-0.00997471;0
129;0.000860437;-0.0063508
130;0;-0.00764804
131;-0.0106997;-0.0088551
132;-0.0433891;-0.0324109
133;0.0698916;0
134;-0.00108746;-0.000549531
135;-0.0016845;-0.0116682
136;-60.8065;-0.000519539
137;-0.00874424;-0.0112727
138;-0.0995858;-0.00355191
139;-0.00169247;-0.000316538
140;-0.0416814;-0.000969903
141;-0.039823;-0.000526795
142;-0.00050177;-0.0124683
143;-0.00135043;-0.00311407
144;-0.1185;-0.00326272
145;0.000295792;-0.00178292
146;-0.00162368;-0.00281475
147;0.0425917;-0.63442
148;0.000507469;-0.0616038
149;-0.0870191;-3.65096e-05
150;0.000355695;-0.000311117
151;-0.0134792;0
152;-0.0607248;-0.803347
153;-0.000811749;-0.00975974
154;-0.000852436;-0.0715679
155;0.00253063;-0.00774117
156;-0.113597;-5.74847
157;0.0109852;-0.0131146
158;-0.0651855;-0.0258247
159;-0.00180357;-0.00243563
160;0;0
161;0.0199099;-0.0091925
162;0.000847362;0
163;-0.0158852;-0.000979179
164;0;-0.00684591
165;-0.0100679;-0.00799538
166;-0.249811;-7.63036e-05
167;-0.000485778;-0.00195575
168;-0.0309113;-0.0140104
169;-1.46499;0
170;-0.0020264;-0.0018607
171;-4.48589e-05;-0.168961
172;0.0022527;-0.00478432
173;0.0027369;-0.0321101
174;-0.00035061;0
175;0.0122758;-0.00575138
176;-0.0599584;-0.00219136
177;-0.0312768;0
178;-0.106814;0
179;0.00473234;-0.000182185
180;-0.000245055;-0.000423692
181;-0.0014305;-0.00122862
182;-0.0308224;-0.0500485
183;0.000107361;-0.000119827
184;-0.000561904;-0.00804638
185;0.0283701;-0.0168133
186;0.658415;-0.0114586
187;-0.00335417;-0.0154043
188;0.75822;-0.00568181
189;-0.0460498;-0.00351863
190;-0.0086668;-0.0467516
191;0.000613152;-0.00224295
192;-0.00337592;0
193;-0.00334513;-0.0250712
194;-0.0200199;-0.121431
195;-0.0423291;0
196;-0.00330899;-0.00762184
197;-0.00338064;-0.0272682
198;0.0142969;-0.00644596
199;0.152049;0
200;-0.0537859;-0.00474354
201;-0.012669;-0.00713774
202;-0.00432487;-0.00228847
203;-0.000451191;-0.00332326
204;0.0155321;-0.000120101
205;-0.0107503;0
206;0.0038695;-0.000371908
207;-0.00531982;0
208;0.156653;-0.0435945
209;7.15189e-06;-0.00124823
210;-0.00121692;-0.00339515
211;-0.00845205;-0.00819376
212;-0.00231495;-0.00210037
213;-0.000741576;-0.000935079
214;-0.0145047;-0.000387394
215;-0.000653875;0
216;3.49537;-0.00124789
217;0.0453464;-0.00728543
218;-0.023073;-0.000796281
219;-0.00156574;-0.0218937
220;-0.0117465;-0.00108403
221;0.011753;-0.000272519
222;-0.0435536;-0.0375191
223;-0.00253695;-0.00109079
224;3.10845e-06;-0.00010423
225;-0.0846128;-0.00227111
226;-0.000276013;-0.0248409
227;-0.208769;-0.000158186
228;-0.000241192;0
229;-0.00168434;-0.383868
230;-0.000457308;-0.00131224
231;-0.00712658;-0.0154958
232;0.0928936;0
233;0.0261981;-0.0112454
234;0.00129091;-0.00490504
235;0.000795628;-0.00509469
236;0.000187463;-0.00531891
237;-0.0401127;0
238;-0.00115124;-0.00434141
239;0;-0.00156401
240;-0.00658312;-0.00938333
241;0;-0.00359317
242;0;-0.0249753
243;0.000459339;-0.00199921
244;-0.00169828;0
245;0.110076;-0.0091532
246;-0.0520791;-0.000926476
247;-0.0287;-0.00665994
248;-0.0439922;-0.00275294
249;-0.014197;0
250;0.893436;-0.00234721
251;-0.0164395;-0.00317448
252;6.23659;-0.00323948
253;-0.0724626;-0.0643778
254;0;-0.000580313
255;-0.0077414;-0.0739282
256;0.00352573;-0.00073511
257;-0.00511473;-0.00161119
258;-0.000894713;0
259;-0.0261596;-0.00767337
260;0;0
261;0.00542825;0
262;0.0325764;0
263;-0.00494789;-0.0252373
264;0.00274249;-0.000387133
265;0.00200979;-0.0102503
266;-0.0631556;-0.00757283
267;-0.000419526;-0.00189838
268;-0.0343123;-0.000835638
269;0.0470301;-0.0111376
270;0;-0.0022488
271;-0.000754816;-0.0401294
272;-0.00861458;-9.23881e-05
273;0.000174621;0
274;7.03849e-05;-0.00402988
275;-0.00567168;-0.000629421
276;0.204143;0
277;-0.00305008;-0.0188859
278;-0.000710399;-0.00693442
279;0.214598;-0.000260365
280;0.423191;-0.000512801
281;-0.170864;-0.0321587
282;0.000557678;0
283;-0.0162837;-0.0117578
284;0.0095023;-0.00238979
285;-0.011017;-0.00269952
286;0.0603481;-0.00356597
287;-0.000348553;-0.000320059
288;0;-0.00182549
289;-0.0104333;0
290;0;0
291;-0.0529578;-0.000181854
292;-0.0130313;-0.00552659
293;0.00430838;0
294;0;-0.00594756
295;0.000227418;-0.0207704
296;0.030904;-0.00172509
297;-0.00138678;-0.00171335
298;-4.29994e-05;-0.00110329
299;-0.00666981;-0.000594364
